1	4	2011	23.78	9.25	89.7	32.62	1.28	20	0
2	4	2011	15.68	11.66	93.1	76.2	1.67	3.76	0
3	4	2011	18.46	10.37	93.8	66.13	1.23	8.74	0
4	4	2011	21.29	9.29	94.8	33.17	1.27	17.41	0
5	4	2011	26.97	8.31	83.9	17.86	1.57	21.16	0
6	4	2011	24.42	5.594	92.4	32.61	1.12	21.53	0
7	4	2011	23.53	6.254	94.9	41.36	0.92	21.86	0.2
8	4	2011	31.69	9.45	92.7	16.8	0.97	21.82	0
9	4	2011	27.25	9.43	87.9	29.21	0.94	22.46	0
10	4	2011	25.31	12.27	88.1	34.06	3.45	22.3	0
11	4	2011	28.77	12.07	78.9	26.64	1.81	21.32	0
12	4	2011	23.04	12.05	61.78	18.73	3.09	21	0
13	4	2011	20.83	4.344	74	15.36	1.74	21.73	0
14	4	2011	20.86	6.472	75	25.03	1.22	19.82	0
15	4	2011	20.78	5.271	89.6	20.77	1.41	22.77	0
16	4	2011	22.01	4.286	93.9	25.3	1.23	22.89	0
17	4	2011	20.19	5.659	93.3	44.66	1.2	21.16	0
18	4	2011	19.75	5.992	94.6	44.72	1.33	22.34	0.2
19	4	2011	21.11	4.535	91	25.09	1.05	23.05	0
20	4	2011	20.7	4.702	92.1	31.99	1.14	23.39	0
21	4	2011	20.74	9.22	92.5	37.41	1.41	19.78	0
22	4	2011	20.65	7.37	91	39.36	1.89	17.93	0.4
23	4	2011	16.41	12.01	90.2	67.62	2.28	4.24	9.2
24	4	2011	23.53	12.84	91.3	48.5	1.29	20.56	0
25	4	2011	24.81	11.74	93.3	42.73	0.98	17.71	0.6
26	4	2011	26.83	11.33	92.1	23.22	0.94	21.52	0
27	4	2011	26.07	10.37	72.1	22.27	1.49	22.12	0
28	4	2011	24	7.59	90.5	31.49	1.18	20.68	0.2
29	4	2011	21.44	9.74	92.2	48.21	1.31	20.34	0
30	4	2011	22.8	8.58	92.1	37.12	1.39	24.6	0
1	5	2011	23.11	7.06	92.9	39.56	0.94	23.91	0
2	5	2011	23.58	10.31	94.3	38.12	1.22	23.01	0.2
3	5	2011	25.94	7.52	92.8	32.64	1.6	19.99	0.6
4	5	2011	26.37	11.74	68.17	19.53	1.74	23.38	0
5	5	2011	24.48	6.662	92.5	28.94	1.31	25.47	0
6	5	2011	20.85	10.81	91.7	57.14	1.67	15.81	0
7	5	2011	22.4	11	93	44.71	1.54	17.96	0
8	5	2011	23.73	10.56	91.3	33.2	1.17	24.86	0
9	5	2011	23.02	10.47	93.6	43.24	1.28	23.52	0
10	5	2011	24.42	9.32	91.3	24.42	0.99	23.26	0
11	5	2011	23.45	8.5	91.2	38	1.14	25.6	0
12	5	2011	25.6	10.63	93.9	53.75	0.86	17.91	0.4
13	5	2011	27.8	12.37	89.9	30.15	1.37	25.3	0.2
14	5	2011	24.23	15.13	92.9	44.33	1.53	13.28	0.4
15	5	2011	22.67	9.85	69.5	18.18	2.9	26.96	0.4
16	5	2011	25.04	10.35	64.51	25.98	1.78	27.71	0
17	5	2011	27.33	9.99	87.4	25.94	1.42	27.9	0
18	5	2011	24.2	10.56	93.4	43.96	1.06	25.61	0
19	5	2011	27.97	7.59	92.9	24.58	0.94	26.66	0
20	5	2011	26.74	11.26	88.6	29.09	1.03	24.82	0
21	5	2011	29.16	12.5	90.1	29.78	1.06	26.81	0
22	5	2011	31.36	10.35	90.3	29.34	1.5	20.05	1
23	5	2011	32.82	13.38	78.3	24.99	1.44	27.86	0
24	5	2011	33.27	15.47	80.8	15.87	1.26	27.93	0
25	5	2011	33.86	14	85.1	20.56	1.28	28.61	0.2
26	5	2011	31.89	12.09	91.7	28.54	1.65	26.66	0
27	5	2011	25.01	12.36	84.7	20.4	1.95	21.7	1.4
28	5	2011	26.65	10.19	72.4	19.44	1.74	29.25	0
29	5	2011	26.85	9.26	90	24.69	1.33	29.18	0
30	5	2011	24.79	13.22	90.6	40.62	1.46	21.79	0
31	5	2011	22.47	14.6	80.4	38.38	1.61	14.9	0
1	6	2011	17.46	12.63	78.6	32.68	3.07	6.01	2.8
2	6	2011	15.83	9.21	92.4	79.8	0.66	3.44	13
3	6	2011	23.36	13.13	91.6	56.28	1.01	13.58	0.2
4	6	2011	18.35	13.49	93.1	80.7	0.93	4.03	20
5	6	2011	22.89	12.93	93	55.73	0.96	15.38	1.4
6	6	2011	24.04	11.72	94.2	44.96	1.2	27.16	0.2
7	6	2011	23.49	13.67	93.6	49.81	1.41	16.88	0
8	6	2011	24.75	15.41	68.1	27.92	2.46	18.21	0
9	6	2011	25.24	12.58	74	25.78	2.03	26.43	0
10	6	2011	28.5	10.8	82.4	27.57	1.6	22.22	0
11	6	2011	26.42	12.12	79.1	21.4	2.02	25.34	0
12	6	2011	25.34	13.3	89.2	28.83	1.56	23.85	0
13	6	2011	29.08	15.13	92.7	31.78	1.2	22.34	0
14	6	2011	31.1	13.44	88.6	27.68	1.33	26.47	0
15	6	2011	31.1	13.44	88.6	27.68	1.33	26.47	0
16	6	2011	28.84	14.95	88.9	39.37	1.16	22.3	0
17	6	2011	26.68	16.54	88.4	48.2	1.48	15.12	0
18	6	2011	26.61	18.76	88.7	25.84	2.31	17.62	0
19	6	2011	26.8	13.36	59.92	22.48	2.48	29.18	0
20	6	2011	27.36	12.56	85.4	29.47	1.42	29.19	0
21	6	2011	27.32	16.06	93	55.36	1.57	22.05	0
22	6	2011	24.71	19.17	89.3	63.87	1.7	15.62	2.2
23	6	2011	28.32	16.64	87.9	30.29	1.57	22.17	0
24	6	2011	28.44	17.03	56.69	21.01	2.04	27.13	0
25	6	2011	33.27	16.18	56.56	16.79	1.98	29.37	0
26	6	2011	30.72	15.04	85.8	28.44	1.37	29.2	0
27	6	2011	29.56	15.19	90.8	36.39	1.03	28.85	0
28	6	2011	30.19	16.09	89.8	33.89	1.3	27.13	0
29	6	2011	32.45	20.53	62.12	31.14	2.88	23.26	0.2
30	6	2011	30.91	16.9	67.63	18.91	2.42	29.49	0
1	7	2011	31.89	14.09	53.12	15.19	2.03	29.82	0
2	7	2011	29.12	15.98	76.2	18.28	1.87	29.14	0
3	7	2011	31.57	13.88	81.1	18.63	1.49	26.72	0
4	7	2011	29.72	17.61	81.2	25.42	0.98	14.27	0
5	7	2011	35.83	20.01	62.46	13.47	1.86	28.54	0
6	7	2011	33.99	16.9	69.71	20.71	1.73	26.85	0
7	7	2011	27.28	17.32	81.1	39.61	1.39	21.91	0
8	7	2011	30.79	16.62	71	24.27	1.57	27.76	0
9	7	2011	31.3	13.52	87.5	28.29	1.6	26.76	0
10	7	2011	29.64	15.84	90.9	48.04	0.71	25.95	0
11	7	2011	33.78	16.86	88.2	30.06	1.33	27.38	0
12	7	2011	27.75	18.3	93.1	62.7	1.12	12.31	0.8
13	7	2011	27.41	18.59	91.3	38.13	2.74	23.33	25.2
14	7	2011	28.56	13.85	75.8	22.26	2.19	28.11	0
15	7	2011	29.16	12.89	74.4	18.92	1.64	29.25	0
16	7	2011	27.83	14.96	86.1	36.1	1.47	26.02	0
17	7	2011	23.73	18.84	89	36.09	2.04	6.49	0
18	7	2011	26.75	15.54	60.77	27.08	2.7	26.55	0
19	7	2011	23.7	17.07	85.9	30.5	3.03	22.1	2.2
20	7	2011	25.47	16	68.96	28.43	3.55	27.92	0.2
21	7	2011	26.95	15.99	75.6	27.71	3.1	28.24	0
22	7	2011	29.52	15.72	67.41	25.24	2.31	25.69	0
23	7	2011	27.75	17.05	58.57	27.06	3.49	26.85	0.2
24	7	2011	26.11	15.47	58.26	22.87	3.6	27.01	0
25	7	2011	28.04	13.25	90.1	33.55	1.43	15.32	2.6
26	7	2011	25.01	18.67	90.8	56.48	1.02	13.64	1.4
27	7	2011	26.12	17.45	91.3	41.41	1.12	15.55	5
28	7	2011	28.59	14.92	91.9	29.98	1.59	20.05	0
29	7	2011	29.23	12.91	83.5	28.36	1.52	26.05	0
30	7	2011	30.05	14.69	82.4	23.53	1.58	22.22	0
31	7	2011	29.37	13.94	73.1	24.25	1.4	27.46	0
1	8	2011	29.78	15.22	81.9	26.71	1.4	27.61	0
2	8	2011	27.73	16.66	82.8	40.94	1.6	21.1	0
3	8	2011	29.02	16.69	73.6	47.06	1.44	24.87	0
4	8	2011	34.63	17.97	78.1	24.3	1.86	24.61	0
5	8	2011	32.82	18.72	85	31.62	1.09	17.86	0.2
6	8	2011	26.36	17.91	88.5	71.5	2.2	7.95	0.4
7	8	2011	23.93	17.29	91.5	55.47	1.1	5.38	1.8
8	8	2011	27.08	16.63	89	25.31	3.11	21.41	0
9	8	2011	27.03	16.77	54.92	26	3.17	25.68	0
10	8	2011	29.33	14.03	63.13	16.21	2.03	26.98	0
11	8	2011	29.14	10.65	81.6	23.58	1.19	26.37	0
12	8	2011	30.91	11.68	87.2	27.44	1.19	22.89	0
13	8	2011	33.42	14.97	83.8	18.91	1.33	25.42	0
14	8	2011	27.85	18.28	90.6	53.39	1.2	17.52	0.4
15	8	2011	33.6	18.13	92	27.1	1.15	22.96	0
16	8	2011	32.71	17.84	82.9	31.17	1.34	24.66	0
17	8	2011	30.25	17.8	88.1	39.27	1.23	24.15	0
18	8	2011	29.46	19.7	92.4	43.85	1.14	20.63	0
19	8	2011	31.09	17.3	89.1	33.88	1.13	23.49	0
20	8	2011	33.17	17.85	89	31.48	1.06	22.97	0
21	8	2011	30.75	18.47	93	48.85	1.17	22.79	0.2
22	8	2011	33.04	17.98	78.5	24.58	1.14	23.26	0
23	8	2011	28.62	18.59	83.6	62.01	0.65	2.57	0
24	8	2011	28.62	18.59	83.6	62.01	0.65	2.57	0
25	8	2011	28.62	18.59	83.6	62.01	0.65	2.57	0
26	8	2011	29.49	13.56	84.7	36.37	3.57	13.91	6.4
27	8	2011	26.96	11.44	90.2	24.21	2.08	21.67	0.2
28	8	2011	29.13	11.11	81	19.41	1.47	21.29	0
29	8	2011	31.47	12.34	83.8	19.2	1.33	22.91	0
30	8	2011	29.74	16.49	72.8	26.3	1.58	22.44	0
31	8	2011	29.04	15.47	87.3	49.02	1.76	11.26	0
1	9	2011	28.1	19.73	86.8	52.34	1.8	18.08	0
2	9	2011	31.94	19.63	87.3	28.23	1.08	19.89	0
3	9	2011	27.61	20.77	90.1	65.55	1.18	10.92	0
4	9	2011	26.04	19.22	92.2	60.42	1	8.87	27.4
5	9	2011	29.13	17.58	92	29.29	2.07	22.36	0
6	9	2011	30.27	11.42	87	21.61	1.18	21.74	0
7	9	2011	29.56	16.85	66.29	23.44	2.37	20.86	0
8	9	2011	31.58	18.29	75.4	27.45	1.41	21.66	0
9	9	2011	29.9	15.71	91.3	37.26	1.21	21.18	0
10	9	2011	27.46	19.61	90.9	58.09	1.61	18.64	0
11	9	2011	26.16	18.77	91.9	60.6	1.27	11.87	0
12	9	2011	32.21	17.81	89	23.41	1.37	20.65	0
13	9	2011	31.79	15.88	85.2	24.65	1.11	20.76	0
14	9	2011	31.34	17.9	80.5	30.47	1.24	19.95	0
15	9	2011	30.73	15.64	89.5	31.43	1.49	19.93	0
16	9	2011	28.51	14.92	93.7	48.28	1.19	17.6	0
17	9	2011	27.75	17.27	93.7	59.26	1.1	15.02	0.2
18	9	2011	27.75	17.27	93.7	59.26	1.1	15.02	0.2
19	9	2011	21.92	14.19	65.2	32.78	3.67	16.17	7.4
20	9	2011	26.21	11.46	68.78	26.45	1.7	19.56	0
21	9	2011	26.07	10.31	80.7	32.04	1.11	16.82	0
22	9	2011	29.97	10.58	89.6	19.67	0.73	18.9	0
23	9	2011	29.59	11.51	86.2	25.88	1.17	18.74	0
24	9	2011	24.03	11.55	90.1	52.83	0.85	6.19	0
25	9	2011	27.86	15.58	89.6	45.26	0.74	11.04	0
26	9	2011	30.59	12.53	92.5	35.26	0.83	16.5	0
27	9	2011	30.62	12.28	91.2	32.2	0.83	16.51	0
28	9	2011	29.78	13.37	89.2	34.09	1.03	16.94	0
29	9	2011	28.55	11.78	87.3	28.95	0.89	16.06	0
30	9	2011	29.05	11.46	81.6	23.64	1.01	16.59	0
