01/01/1994	0	0.0	0
02/01/1994	1	0.0	0
03/01/1994	2	0.0	0
04/01/1994	3	0.0	0
05/01/1994	4	0.0	0
06/01/1994	5	0.0	0
07/01/1994	6	0.0	0
08/01/1994	7	0.0	0
09/01/1994	8	0.0	0
10/01/1994	9	0.0	0
11/01/1994	10	0.0	0
12/01/1994	11	0.0	0
13/01/1994	12	0.0	0
14/01/1994	13	0.0	0
15/01/1994	14	0.0	0
16/01/1994	15	0.0	0
17/01/1994	16	0.0	0
18/01/1994	17	0.0	0
19/01/1994	18	0.0	0
20/01/1994	19	0.0	0
21/01/1994	20	0.0	0
22/01/1994	21	0.0	0
23/01/1994	22	0.0	0
24/01/1994	23	0.0	0
25/01/1994	24	0.0	0
26/01/1994	25	0.0	0
27/01/1994	26	0.0	0
28/01/1994	27	0.0	0
29/01/1994	28	0.0	0
30/01/1994	29	0.0	0
31/01/1994	30	0.0	0
01/02/1994	31	0.0	0
02/02/1994	32	0.0	0
03/02/1994	33	0.0	0
04/02/1994	34	0.0	0
05/02/1994	35	0.0	0
06/02/1994	36	0.0	0
07/02/1994	37	0.0	0
08/02/1994	38	0.0	0
09/02/1994	39	0.0	0
10/02/1994	40	0.0	0
11/02/1994	41	0.0	0
12/02/1994	42	0.0	0
13/02/1994	43	0.0	0
14/02/1994	44	0.0	0
15/02/1994	45	0.0	0
16/02/1994	46	0.0	0
17/02/1994	47	0.0	0
18/02/1994	48	0.0	0
19/02/1994	49	0.0	0
20/02/1994	50	0.0	0
21/02/1994	51	0.0	0
22/02/1994	52	0.0	0
23/02/1994	53	0.0	0
24/02/1994	54	0.0	0
25/02/1994	55	0.0	0
26/02/1994	56	0.0	0
27/02/1994	57	0.0	0
28/02/1994	58	0.0	0
01/03/1994	59	0.0	0
02/03/1994	60	0.0	0
03/03/1994	61	0.0	0
04/03/1994	62	0.0	0
05/03/1994	63	0.0	0
06/03/1994	64	0.0	0
07/03/1994	65	0.0	0
08/03/1994	66	0.0	0
09/03/1994	67	0.0	0
10/03/1994	68	0.0	0
11/03/1994	69	0.0	0
12/03/1994	70	0.0	0
13/03/1994	71	0.0	0
14/03/1994	72	0.0	0
15/03/1994	73	0.0	0
16/03/1994	74	0.0	0
17/03/1994	75	0.0	0
18/03/1994	76	0.0	0
19/03/1994	77	0.0	0
20/03/1994	78	0.0	0
21/03/1994	79	0.0	0
22/03/1994	80	0.0	0
23/03/1994	81	0.0	0
24/03/1994	82	0.0	0
25/03/1994	83	0.0	0
26/03/1994	84	0.0	0
27/03/1994	85	0.0	0
28/03/1994	86	0.0	0
29/03/1994	87	0.0	0
30/03/1994	88	0.0	0
31/03/1994	89	0.0	0
01/04/1994	90	0.0	0
02/04/1994	91	0.0	0
03/04/1994	92	0.0	0
04/04/1994	93	0.0	0
05/04/1994	94	0.0	0
06/04/1994	95	0.0	0
07/04/1994	96	0.0	0
08/04/1994	97	0.0	0
09/04/1994	98	0.0	0
10/04/1994	99	0.0	0
11/04/1994	100	0.0	0
12/04/1994	101	0.0	0
13/04/1994	102	0.0	0
14/04/1994	103	0.0	0
15/04/1994	104	0.0	0
16/04/1994	105	0.0006	1.13097335529e-06
17/04/1994	106	0.0006	1.13097335529e-06
18/04/1994	107	0.000792586792327	1.97352910053e-06
19/04/1994	108	0.000792586792327	1.97352910053e-06
20/04/1994	109	0.000792586792327	1.97352910053e-06
21/04/1994	110	0.000932752049814	2.73326850404e-06
22/04/1994	111	0.000932752049814	2.73326850404e-06
23/04/1994	112	0.000932752049814	2.73326850404e-06
24/04/1994	113	0.00104698970562	3.44377442e-06
25/04/1994	114	0.00104698970562	3.44377442e-06
26/04/1994	115	0.00104698970562	3.44377442e-06
27/04/1994	116	0.00114514925662	4.11978036768e-06
28/04/1994	117	0.00114514925662	4.11978036768e-06
29/04/1994	118	0.00114514925662	4.11978036768e-06
30/04/1994	119	0.00123214492533	4.76950664404e-06
01/05/1994	120	0.00123214492533	4.76950664404e-06
02/05/1994	121	0.00123214492533	4.76950664404e-06
03/05/1994	122	0.00131083507498	5.398162823e-06
04/05/1994	123	0.00131083507498	5.398162823e-06
05/05/1994	124	0.00131083507498	5.398162823e-06
06/05/1994	125	0.00138305035396	6.00932727702e-06
07/05/1994	126	0.00138305035396	6.00932727702e-06
08/05/1994	127	0.00138305035396	6.00932727702e-06
09/05/1994	128	0.00145004397739	6.60559922144e-06
10/05/1994	129	0.00145004397739	6.60559922144e-06
11/05/1994	130	0.00145004397739	6.60559922144e-06
12/05/1994	131	0.00151271696007	7.18894605728e-06
13/05/1994	132	0.00151271696007	7.18894605728e-06
14/05/1994	133	0.00151271696007	7.18894605728e-06
15/05/1994	134	0.001571741949	7.76090489637e-06
16/05/1994	135	0.001571741949	7.76090489637e-06
17/05/1994	136	0.001571741949	7.76090489637e-06
18/05/1994	137	0.00162763632342	8.32270726199e-06
19/05/1994	138	0.00162763632342	8.32270726199e-06
20/05/1994	139	0.00162763632342	8.32270726199e-06
21/05/1994	140	0.00168080781447	8.87536024421e-06
22/05/1994	141	0.00168080781447	8.87536024421e-06
23/05/1994	142	0.00168080781447	8.87536024421e-06
24/05/1994	143	0.00173158427891	9.41970150822e-06
25/05/1994	144	0.00173158427891	9.41970150822e-06
26/05/1994	145	0.00173158427891	9.41970150822e-06
27/05/1994	146	0.00178023386076	9.9564378505e-06
28/05/1994	147	0.00178023386076	9.9564378505e-06
29/05/1994	148	0.00178023386076	9.9564378505e-06
30/05/1994	149	0.00182697907279	1.04861729946e-05
31/05/1994	150	0.00182697907279	1.04861729946e-05
01/06/1994	151	0.00182697907279	1.04861729946e-05
02/06/1994	152	0.00187200689372	1.10094281147e-05
03/06/1994	153	0.00187200689372	1.10094281147e-05
04/06/1994	154	0.00187200689372	1.10094281147e-05
05/06/1994	155	0.00191547617462	1.15266573072e-05
06/06/1994	156	0.00191547617462	1.15266573072e-05
07/06/1994	157	0.00191547617462	1.15266573072e-05
08/06/1994	158	0.00195752317982	1.20382594631e-05
09/06/1994	159	0.00195752317982	1.20382594631e-05
10/06/1994	160	0.00195752317982	1.20382594631e-05
11/06/1994	161	0.00199826580513	1.2544587527e-05
12/06/1994	162	0.00199826580513	1.2544587527e-05
13/06/1994	163	0.00199826580513	1.2544587527e-05
14/06/1994	164	0.00203780683859	1.30459558174e-05
15/06/1994	165	0.00203780683859	1.30459558174e-05
16/06/1994	166	0.00203780683859	1.30459558174e-05
17/06/1994	167	0.00207623651621	1.3542645888e-05
18/06/1994	168	0.00207623651621	1.3542645888e-05
19/06/1994	169	0.00207623651621	1.3542645888e-05
20/06/1994	170	0.00211363454986	1.40349112745e-05
21/06/1994	171	0.00211363454986	1.40349112745e-05
22/06/1994	172	0.00211363454986	1.40349112745e-05
23/06/1994	173	0.00215007175442	1.4522981377e-05
24/06/1994	174	0.00215007175442	1.4522981377e-05
25/06/1994	175	0.00215007175442	1.4522981377e-05
26/06/1994	176	0.00218561136656	1.50070646656e-05
27/06/1994	177	0.00218561136656	1.50070646656e-05
28/06/1994	178	0.00218561136656	1.50070646656e-05
29/06/1994	179	0.00222031012365	1.54873513489e-05
30/06/1994	180	0.00222031012365	1.54873513489e-05
01/07/1994	181	0.00222031012365	1.54873513489e-05
02/07/1994	182	0.00225421915371	1.59640156135e-05
03/07/1994	183	0.00225421915371	1.59640156135e-05
04/07/1994	184	0.00225421915371	1.59640156135e-05
05/07/1994	185	0.00228738471544	1.64372175152e-05
06/07/1994	186	0.00228738471544	1.64372175152e-05
07/07/1994	187	0.00228738471544	1.64372175152e-05
08/07/1994	188	0.00231984881777	1.69071045886e-05
09/07/1994	189	0.00231984881777	1.69071045886e-05
10/07/1994	190	0.00231984881777	1.69071045886e-05
11/07/1994	191	0.00235164974215	1.73738132235e-05
12/07/1994	192	0.00235164974215	1.73738132235e-05
13/07/1994	193	0.00235164974215	1.73738132235e-05
14/07/1994	194	0.00238282248555	1.78374698496e-05
15/07/1994	195	0.00238282248555	1.78374698496e-05
16/07/1994	196	0.00238282248555	1.78374698496e-05
17/07/1994	197	0.00241339913825	1.82981919611e-05
18/07/1994	198	0.00241339913825	1.82981919611e-05
19/07/1994	199	0.00241339913825	1.82981919611e-05
20/07/1994	200	0.00244340920785	1.87560890068e-05
21/07/1994	201	0.00244340920785	1.87560890068e-05
22/07/1994	202	0.00244340920785	1.87560890068e-05
23/07/1994	203	0.00247287989852	1.92112631681e-05
24/07/1994	204	0.00247287989852	1.92112631681e-05
25/07/1994	205	0.00247287989852	1.92112631681e-05
26/07/1994	206	0.00250183635277	1.96638100408e-05
27/07/1994	207	0.00250183635277	1.96638100408e-05
28/07/1994	208	0.00250183635277	1.96638100408e-05
29/07/1994	209	0.0025303018617	2.01138192347e-05
30/07/1994	210	0.0025303018617	2.01138192347e-05
31/07/1994	211	0.0025303018617	2.01138192347e-05
01/08/1994	212	0.00255829804861	2.05613749042e-05
02/08/1994	213	0.00255829804861	2.05613749042e-05
03/08/1994	214	0.00255829804861	2.05613749042e-05
04/08/1994	215	0.00258584503	2.1006556219e-05
05/08/1994	216	0.00258584503	2.1006556219e-05
06/08/1994	217	0.00258584503	2.1006556219e-05
07/08/1994	218	0.00261296155715	2.14494377821e-05
08/08/1994	219	0.00261296155715	2.14494377821e-05
09/08/1994	220	0.00261296155715	2.14494377821e-05
10/08/1994	221	0.00263966514117	2.18900900034e-05
11/08/1994	222	0.00263966514117	2.18900900034e-05
12/08/1994	223	0.00263966514117	2.18900900034e-05
13/08/1994	224	0.00266597216384	2.23285794343e-05
14/08/1994	225	0.00266597216384	2.23285794343e-05
15/08/1994	226	0.00266597216384	2.23285794343e-05
16/08/1994	227	0.00269189797596	2.27649690679e-05
17/08/1994	228	0.00269189797596	2.27649690679e-05
18/08/1994	229	0.00269189797596	2.27649690679e-05
19/08/1994	230	0.00271745698513	2.31993186093e-05
20/08/1994	231	0.00271745698513	2.31993186093e-05
21/08/1994	232	0.00271745698513	2.31993186093e-05
22/08/1994	233	0.00274266273415	2.36316847193e-05
23/08/1994	234	0.00274266273415	2.36316847193e-05
24/08/1994	235	0.00274266273415	2.36316847193e-05
25/08/1994	236	0.00276752797128	2.40621212356e-05
26/08/1994	237	0.00276752797128	2.40621212356e-05
27/08/1994	238	0.00276752797128	2.40621212356e-05
28/08/1994	239	0.00279206471338	2.44906793727e-05
29/08/1994	240	0.00279206471338	2.44906793727e-05
30/08/1994	241	0.00279206471338	2.44906793727e-05
31/08/1994	242	0.00281628430276	2.49174079041e-05
01/09/1994	243	0.00281628430276	2.49174079041e-05
02/09/1994	244	0.00281628430276	2.49174079041e-05
03/09/1994	245	0.00284019745851	2.53423533276e-05
04/09/1994	246	0.00284019745851	2.53423533276e-05
05/09/1994	247	0.00284019745851	2.53423533276e-05
06/09/1994	248	0.00286381432298	2.57655600171e-05
07/09/1994	249	0.00286381432298	2.57655600171e-05
08/09/1994	250	0.00286381432298	2.57655600171e-05
09/09/1994	251	0.00288714450383	2.61870703606e-05
10/09/1994	252	0.00288714450383	2.61870703606e-05
11/09/1994	253	0.00288714450383	2.61870703606e-05
12/09/1994	254	0.00291019711231	2.66069248871e-05
13/09/1994	255	0.00291019711231	2.66069248871e-05
14/09/1994	256	0.00291019711231	2.66069248871e-05
15/09/1994	257	0.00293298079812	2.70251623827e-05
16/09/1994	258	0.00293298079812	2.70251623827e-05
17/09/1994	259	0.00293298079812	2.70251623827e-05
18/09/1994	260	0.00295550378112	2.7441819998e-05
19/09/1994	261	0.00295550378112	2.7441819998e-05
20/09/1994	262	0.00295550378112	2.7441819998e-05
21/09/1994	263	0.0029777738804	2.78569333461e-05
22/09/1994	264	0.0029777738804	2.78569333461e-05
23/09/1994	265	0.0029777738804	2.78569333461e-05
24/09/1994	266	0.00299980313807	2.82706232441e-05
25/09/1994	267	0.002999824367	2.82710233751e-05
26/09/1994	268	0.00299986942061	2.82718725724e-05
27/09/1994	269	0.00299994362227	2.82732711971e-05
28/09/1994	270	0.00300005141598	2.82753030591e-05
29/09/1994	271	0.00300019669548	2.82780416264e-05
30/09/1994	272	0.00300038296641	2.82815530898e-05
01/10/1994	273	0.00300061344081	2.82858981514e-05
02/10/1994	274	0.00300089109793	2.82911331772e-05
03/10/1994	275	0.00300121872598	2.82973109919e-05
04/10/1994	276	0.00300159895222	2.83044814535e-05
05/10/1994	277	0.00300203426555	2.83126918853e-05
06/10/1994	278	0.00300252703383	2.83219874097e-05
07/10/1994	279	0.0030030795175	2.83324112126e-05
08/10/1994	280	0.00300369388054	2.83440047563e-05
09/10/1994	281	0.0030043721994	2.83568079546e-05
10/10/1994	282	0.00300511647037	2.83708593182e-05
11/10/1994	283	0.00300592861567	2.83861960772e-05
12/10/1994	284	0.00300681048866	2.8402854285e-05
13/10/1994	285	0.00300776387824	2.84208689076e-05
14/10/1994	286	0.00300879051256	2.8440273901e-05
15/10/1994	287	0.00300989206232	2.84611022782e-05
16/10/1994	288	0.00301107014355	2.84833861684e-05
17/10/1994	289	0.00301232632003	2.85071568689e-05
18/10/1994	290	0.00301366210546	2.85324448912e-05
19/10/1994	291	0.00301507896528	2.85592800018e-05
20/10/1994	292	0.00301657831839	2.85876912592e-05
21/10/1994	293	0.00301816153857	2.86177070469e-05
22/10/1994	294	0.0030198299558	2.86493551026e-05
23/10/1994	295	0.00302158485738	2.86826625457e-05
24/10/1994	296	0.00302342748902	2.87176559012e-05
25/10/1994	297	0.00302535905573	2.87543611222e-05
26/10/1994	298	0.00302738072267	2.87928036099e-05
27/10/1994	299	0.0030294936159	2.88330082323e-05
28/10/1994	300	0.00303169882308	2.88749993412e-05
29/10/1994	301	0.0030339973941	2.8918800788e-05
30/10/1994	302	0.00303639034163	2.89644359378e-05
31/10/1994	303	0.00303887864167	2.90119276831e-05
01/11/1994	304	0.00304146323402	2.90612984561e-05
02/11/1994	305	0.00304414502277	2.91125702401e-05
03/11/1994	306	0.00304692487667	2.91657645804e-05
04/11/1994	307	0.00304980362958	2.92209025944e-05
05/11/1994	308	0.00305278208084	2.92780049808e-05
06/11/1994	309	0.00305586099561	2.93370920282e-05
07/11/1994	310	0.00305904110521	2.93981836241e-05
08/11/1994	311	0.00306232310752	2.94612992618e-05
09/11/1994	312	0.00306570766723	2.95264580487e-05
10/11/1994	313	0.00306919541618	2.95936787124e-05
11/11/1994	314	0.00307278695371	2.9662979608e-05
12/11/1994	315	0.00307648284693	2.97343787242e-05
13/11/1994	316	0.00308028363103	2.98078936893e-05
14/11/1994	317	0.00308418980962	2.9883541777e-05
15/11/1994	318	0.003088201855	2.99613399118e-05
16/11/1994	319	0.003088201855	2.99613399118e-05
17/11/1994	320	0.003088201855	2.99613399118e-05
18/11/1994	321	0.003088201855	2.99613399118e-05
19/11/1994	322	0.003088201855	2.99613399118e-05
20/11/1994	323	0.003088201855	2.99613399118e-05
21/11/1994	324	0.003088201855	2.99613399118e-05
22/11/1994	325	0.003088201855	2.99613399118e-05
23/11/1994	326	0.003088201855	2.99613399118e-05
24/11/1994	327	0.003088201855	2.99613399118e-05
25/11/1994	328	0.003088201855	2.99613399118e-05
26/11/1994	329	0.003088201855	2.99613399118e-05
27/11/1994	330	0.003088201855	2.99613399118e-05
28/11/1994	331	0.003088201855	2.99613399118e-05
29/11/1994	332	0.003088201855	2.99613399118e-05
30/11/1994	333	0.003088201855	2.99613399118e-05
01/12/1994	334	0.003088201855	2.99613399118e-05
02/12/1994	335	0.003088201855	2.99613399118e-05
03/12/1994	336	0.003088201855	2.99613399118e-05
04/12/1994	337	0.003088201855	2.99613399118e-05
05/12/1994	338	0.003088201855	2.99613399118e-05
06/12/1994	339	0.003088201855	2.99613399118e-05
07/12/1994	340	0.003088201855	2.99613399118e-05
08/12/1994	341	0.003088201855	2.99613399118e-05
09/12/1994	342	0.003088201855	2.99613399118e-05
10/12/1994	343	0.003088201855	2.99613399118e-05
11/12/1994	344	0.003088201855	2.99613399118e-05
12/12/1994	345	0.003088201855	2.99613399118e-05
13/12/1994	346	0.003088201855	2.99613399118e-05
14/12/1994	347	0.003088201855	2.99613399118e-05
15/12/1994	348	0.003088201855	2.99613399118e-05
16/12/1994	349	0.003088201855	2.99613399118e-05
17/12/1994	350	0.003088201855	2.99613399118e-05
18/12/1994	351	0.003088201855	2.99613399118e-05
19/12/1994	352	0.003088201855	2.99613399118e-05
20/12/1994	353	0.003088201855	2.99613399118e-05
21/12/1994	354	0.003088201855	2.99613399118e-05
22/12/1994	355	0.003088201855	2.99613399118e-05
23/12/1994	356	0.003088201855	2.99613399118e-05
24/12/1994	357	0.003088201855	2.99613399118e-05
25/12/1994	358	0.003088201855	2.99613399118e-05
26/12/1994	359	0.003088201855	2.99613399118e-05
27/12/1994	360	0.003088201855	2.99613399118e-05
28/12/1994	361	0.003088201855	2.99613399118e-05
29/12/1994	362	0.003088201855	2.99613399118e-05
30/12/1994	363	0.003088201855	2.99613399118e-05
31/12/1994	364	0.003088201855	2.99613399118e-05
01/01/1995	365	0.003088201855	2.99613399118e-05
02/01/1995	366	0.003088201855	2.99613399118e-05
03/01/1995	367	0.003088201855	2.99613399118e-05
04/01/1995	368	0.003088201855	2.99613399118e-05
05/01/1995	369	0.003088201855	2.99613399118e-05
06/01/1995	370	0.003088201855	2.99613399118e-05
07/01/1995	371	0.003088201855	2.99613399118e-05
08/01/1995	372	0.003088201855	2.99613399118e-05
09/01/1995	373	0.003088201855	2.99613399118e-05
10/01/1995	374	0.003088201855	2.99613399118e-05
11/01/1995	375	0.003088201855	2.99613399118e-05
12/01/1995	376	0.003088201855	2.99613399118e-05
13/01/1995	377	0.003088201855	2.99613399118e-05
14/01/1995	378	0.003088201855	2.99613399118e-05
15/01/1995	379	0.003088201855	2.99613399118e-05
16/01/1995	380	0.003088201855	2.99613399118e-05
17/01/1995	381	0.003088201855	2.99613399118e-05
18/01/1995	382	0.003088201855	2.99613399118e-05
19/01/1995	383	0.003088201855	2.99613399118e-05
20/01/1995	384	0.003088201855	2.99613399118e-05
21/01/1995	385	0.003088201855	2.99613399118e-05
22/01/1995	386	0.003088201855	2.99613399118e-05
23/01/1995	387	0.003088201855	2.99613399118e-05
24/01/1995	388	0.003088201855	2.99613399118e-05
25/01/1995	389	0.003088201855	2.99613399118e-05
26/01/1995	390	0.003088201855	2.99613399118e-05
27/01/1995	391	0.003088201855	2.99613399118e-05
28/01/1995	392	0.003088201855	2.99613399118e-05
29/01/1995	393	0.003088201855	2.99613399118e-05
30/01/1995	394	0.003088201855	2.99613399118e-05
31/01/1995	395	0.003088201855	2.99613399118e-05
01/02/1995	396	0.003088201855	2.99613399118e-05
02/02/1995	397	0.003088201855	2.99613399118e-05
03/02/1995	398	0.003088201855	2.99613399118e-05
04/02/1995	399	0.003088201855	2.99613399118e-05
05/02/1995	400	0.003088201855	2.99613399118e-05
06/02/1995	401	0.003088201855	2.99613399118e-05
07/02/1995	402	0.003088201855	2.99613399118e-05
08/02/1995	403	0.003088201855	2.99613399118e-05
09/02/1995	404	0.003088201855	2.99613399118e-05
10/02/1995	405	0.003088201855	2.99613399118e-05
11/02/1995	406	0.003088201855	2.99613399118e-05
12/02/1995	407	0.003088201855	2.99613399118e-05
13/02/1995	408	0.003088201855	2.99613399118e-05
14/02/1995	409	0.003088201855	2.99613399118e-05
15/02/1995	410	0.003088201855	2.99613399118e-05
16/02/1995	411	0.003088201855	2.99613399118e-05
17/02/1995	412	0.003088201855	2.99613399118e-05
18/02/1995	413	0.003088201855	2.99613399118e-05
19/02/1995	414	0.003088201855	2.99613399118e-05
20/02/1995	415	0.003088201855	2.99613399118e-05
21/02/1995	416	0.003088201855	2.99613399118e-05
22/02/1995	417	0.003088201855	2.99613399118e-05
23/02/1995	418	0.003088201855	2.99613399118e-05
24/02/1995	419	0.003088201855	2.99613399118e-05
25/02/1995	420	0.0031	3.0190705401e-05
26/02/1995	421	0.00312	3.05815195271e-05
27/02/1995	422	0.00314	3.09748469273e-05
28/02/1995	423	0.00316	3.13706876017e-05
01/03/1995	424	0.00318	3.17690415502e-05
02/03/1995	425	0.0032	3.21699087728e-05
03/03/1995	426	0.00322	3.25732892695e-05
04/03/1995	427	0.00324	3.29791830403e-05
05/03/1995	428	0.00326	3.33875900853e-05
06/03/1995	429	0.00328	3.37985104044e-05
07/03/1995	430	0.0033	3.42119439976e-05
08/03/1995	431	0.00332	3.46278908649e-05
09/03/1995	432	0.00334	3.50463510064e-05
10/03/1995	433	0.00336	3.5467324422e-05
11/03/1995	434	0.00338	3.58908111117e-05
12/03/1995	435	0.0034	3.63168110755e-05
13/03/1995	436	0.00342	3.67453243134e-05
14/03/1995	437	0.00344	3.71763508255e-05
15/03/1995	438	0.00346	3.76098906117e-05
16/03/1995	439	0.00348	3.8045943672e-05
17/03/1995	440	0.0035	3.84845100065e-05
18/03/1995	441	0.00352	3.8925589615e-05
19/03/1995	442	0.00354	3.93691824977e-05
20/03/1995	443	0.00356	3.98152886545e-05
21/03/1995	444	0.00358	4.02639080855e-05
22/03/1995	445	0.0036	4.07150407905e-05
23/03/1995	446	0.00362	4.11686867697e-05
24/03/1995	447	0.00364	4.1624846023e-05
25/03/1995	448	0.00366	4.20835185504e-05
26/03/1995	449	0.00368	4.2544704352e-05
27/03/1995	450	0.0037	4.30084034276e-05
28/03/1995	451	0.00372	4.34746157774e-05
29/03/1995	452	0.00374	4.39433414014e-05
30/03/1995	453	0.00376	4.44145802994e-05
31/03/1995	454	0.00378	4.48883324716e-05
01/04/1995	455	0.0038	4.53645979178e-05
02/04/1995	456	0.00382	4.58433766382e-05
03/04/1995	457	0.00384	4.63246686328e-05
04/04/1995	458	0.00386	4.68084739014e-05
05/04/1995	459	0.00388	4.72947924442e-05
06/04/1995	460	0.0039	4.77836242611e-05
07/04/1995	461	0.00392	4.82749693521e-05
08/04/1995	462	0.00394	4.87688277173e-05
09/04/1995	463	0.00396	4.92651993565e-05
10/04/1995	464	0.00398	4.97640842699e-05
11/04/1995	465	0.004	5.02654824574e-05
12/04/1995	466	0.00402	5.07693939191e-05
13/04/1995	467	0.00404	5.12758186548e-05
14/04/1995	468	0.00406	5.17847566647e-05
15/04/1995	469	0.00408	5.22962079487e-05
16/04/1995	470	0.00417529958902	5.47677826382e-05
17/04/1995	471	0.00417529958902	5.47677826382e-05
18/04/1995	472	0.00417529958902	5.47677826382e-05
19/04/1995	473	0.0042674636563	5.72123168281e-05
20/04/1995	474	0.0042674636563	5.72123168281e-05
21/04/1995	475	0.0042674636563	5.72123168281e-05
22/04/1995	476	0.00435675348869	5.96315156553e-05
23/04/1995	477	0.00435675348869	5.96315156553e-05
24/04/1995	478	0.00435675348869	5.96315156553e-05
25/04/1995	479	0.00444339928207	6.20269681742e-05
26/04/1995	480	0.00445558455722	6.23676316956e-05
27/04/1995	481	0.00445560954557	6.23683312528e-05
28/04/1995	482	0.00452767162858	6.44020536779e-05
29/04/1995	483	0.00453956831839	6.47409377207e-05
30/04/1995	484	0.00453964669464	6.47431732619e-05
01/05/1995	485	0.00460982698114	6.67604297523e-05
02/05/1995	486	0.00462147460618	6.70982224009e-05
03/05/1995	487	0.00462162050389	6.71024589843e-05
04/05/1995	488	0.00469006057677	6.91045712638e-05
05/05/1995	489	0.0047014925882	6.94418662954e-05
06/05/1995	490	0.00470172653436	6.94487773187e-05
07/05/1995	491	0.00476857235868	7.14375623471e-05
08/05/1995	492	0.00476888689489	7.14469867364e-05
09/05/1995	493	0.00476924938596	7.14578487591e-05
10/05/1995	494	0.00483485452689	7.34372990309e-05
11/05/1995	495	0.00483531236845	7.34512081319e-05
12/05/1995	496	0.00483582541968	7.34667960521e-05
13/05/1995	497	0.00490027379317	7.54380692849e-05
14/05/1995	498	0.00490089212788	7.54571085964e-05
15/05/1995	499	0.0049015713168	7.54780244552e-05
16/05/1995	500	0.00496493785117	7.74421685783e-05
17/05/1995	501	0.00496573968078	7.74671841734e-05
18/05/1995	502	0.00496661823168	7.74945979685e-05
19/05/1995	503	0.0050188379777	7.91327437185e-05
20/05/1995	504	0.00501986649757	7.91651806845e-05
21/05/1995	505	0.00502098198665	7.92003679574e-05
22/05/1995	506	0.00507262983603	8.08381221263e-05
23/05/1995	507	0.00507390949189	8.08789128122e-05
24/05/1995	508	0.0050752837874	8.09227317175e-05
25/05/1995	509	0.005126401631	8.25610350888e-05
26/05/1995	510	0.00512795053537	8.2610933039e-05
27/05/1995	511	0.00512960034808	8.26640983305e-05
28/05/1995	512	0.00518022386403	8.43037569557e-05
29/05/1995	513	0.00518205637585	8.43634126618e-05
30/05/1995	514	0.00518399508221	8.4426548401e-05
31/05/1995	515	0.00523415742306	8.60683413193e-05
01/06/1995	516	0.00523629446742	8.61386370314e-05
02/06/1995	517	0.00523740350489	8.61751289032e-05
03/06/1995	518	0.00527656814719	8.74687611679e-05
04/06/1995	519	0.0052778302248	8.7510608658e-05
05/06/1995	520	0.00527917942001	8.75553558287e-05
06/06/1995	521	0.00531814701227	8.88526837264e-05
07/06/1995	522	0.00531966262134	8.89033348732e-05
08/06/1995	523	0.00532127231178	8.89571459924e-05
09/06/1995	524	0.00536006664005	9.02589446097e-05
10/06/1995	525	0.00536185291383	9.03191132835e-05
11/06/1995	526	0.00536373904382	9.03826672654e-05
12/06/1995	527	0.00540128205863	9.16523461669e-05
13/06/1995	528	0.00540221356338	9.16839616081e-05
14/06/1995	529	0.00540320764532	9.1717706944e-05
15/06/1995	530	0.00544053273717	9.29892464828e-05
16/06/1995	531	0.00544164515988	9.30272772897e-05
17/06/1995	532	0.00544282374118	9.30675783676e-05
18/06/1995	533	0.00547994561149	9.43414113363e-05
19/06/1995	534	0.00548124762512	9.43862469624e-05
20/06/1995	535	0.00548261896873	9.44334815252e-05
21/06/1995	536	0.00551955067162	9.57100012879e-05
22/06/1995	537	0.00552104977847	9.57619979129e-05
23/06/1995	538	0.0055226210446	9.58165125437e-05
24/06/1995	539	0.00555937426474	9.70960801311e-05
25/06/1995	540	0.00556107699057	9.7155566438e-05
26/06/1995	541	0.00556285441123	9.72176817113e-05
27/06/1995	542	0.00559943966925	9.8500630896e-05
28/06/1995	543	0.00560135170472	9.85679122197e-05
29/06/1995	544	0.00560334071295	9.86379264616e-05
30/06/1995	545	0.00563976752444	9.99245675684e-05
01/07/1995	546	0.00564189383291	9.9999929011e-05
02/07/1995	547	0.00564409916243	0.000100078121158
03/07/1995	548	0.00568037616491	0.00010136874403
04/07/1995	549	0.00568272106738	0.000101452452881
05/07/1995	550	0.00568514683199	0.000101539084723
06/07/1995	551	0.00572128188891	0.000102833961096
07/07/1995	552	0.0057238491328	0.000102926268762
08/07/1995	553	0.00572649889124	0.000103021586745
09/07/1995	554	0.00576249917864	0.000104320972188
10/07/1995	555	0.00576529199488	0.000104422115771
11/07/1995	556	0.00576816880481	0.000104526352479
12/07/1995	557	0.00580404088491	0.000105830488011
13/07/1995	558	0.00580706203601	0.000105940691614
14/07/1995	559	0.0058101684999	0.000106054067004
15/07/1995	560	0.0058459183841	0.000107363180463
16/07/1995	561	0.00584917020542	0.000107482656295
17/07/1995	562	0.00585250851012	0.000107605378745
18/07/1995	563	0.00588814171364	0.000108919685956
19/07/1995	564	0.00589162614928	0.000109048635275
20/07/1995	565	0.00589519810044	0.000109180902485
21/07/1995	566	0.00592856313997	0.000110420261607
22/07/1995	567	0.00593007959456	0.000110476757161
23/07/1995	568	0.00593163868461	0.000110534856164
24/07/1995	569	0.00596482944291	0.000111775322814
25/07/1995	570	0.00596646187798	0.000111836511797
26/07/1995	571	0.00596813763872	0.000111899342184
27/07/1995	572	0.00600115936172	0.000113141046659
28/07/1995	573	0.00600290907172	0.000113207031536
29/07/1995	574	0.0060047027436	0.000113274694265
30/07/1995	575	0.0060375603999	0.000114517761354
31/07/1995	576	0.00603942853544	0.000114588640246
01/08/1995	577	0.00604134121856	0.000114661232036
02/08/1995	578	0.00607403952003	0.000115905781417
03/08/1995	579	0.00607602709871	0.000115981648408
04/08/1995	580	0.00607805976328	0.000116059262026
05/08/1995	581	0.0061106031836	0.000117305408623
06/08/1995	582	0.00611271109972	0.000117386354023
07/08/1995	583	0.00611486459543	0.000117469078541
08/08/1995	584	0.00614725738685	0.000118716932839
09/08/1995	585	0.00614948642005	0.000118803043423
10/08/1995	586	0.00615176148449	0.000118890964449
11/08/1995	587	0.00618400769297	0.000120140632782
12/08/1995	588	0.00618635851609	0.000120231992001
13/08/1995	589	0.00618875578234	0.000120325191883
14/08/1995	590	0.00622085926142	0.000121576776689
15/08/1995	591	0.00622333244756	0.000121673464865
16/08/1995	592	0.00622585245109	0.000121772022878
17/08/1995	593	0.00625781841153	0.000123025683372
18/08/1995	594	0.00626042153308	0.000123128056881
19/08/1995	595	0.00626307975772	0.000123232641379
20/08/1995	596	0.00628766740276	0.000124202115874
21/08/1995	597	0.00629042708303	0.000124311165328
22/08/1995	598	0.00629324668529	0.000124422632036
23/08/1995	599	0.00631784374297	0.000125397140626
24/08/1995	600	0.00632077203434	0.000125513409555
25/08/1995	601	0.00632086353612	0.000125517043537
26/08/1995	602	0.00634256120391	0.000126380248844
27/08/1995	603	0.00634268590661	0.000126385218481
28/08/1995	604	0.00634282870063	0.000126390909211
29/08/1995	605	0.00636446895244	0.000127254813013
30/08/1995	606	0.00636464934545	0.000127262026876
31/08/1995	607	0.00636484999198	0.000127270050912
01/09/1995	608	0.00638643970019	0.000128134920763
02/09/1995	609	0.00638668170076	0.000128144631748
03/09/1995	610	0.00638694585707	0.000128155232218
04/09/1995	611	0.00640849099208	0.000129021304641
05/09/1995	612	0.0064087997864	0.000129033738771
06/09/1995	613	0.00640913244235	0.000129047134401
07/09/1995	614	0.00643063828433	0.000129914622633
08/09/1995	615	0.00643101849563	0.000129929985484
09/09/1995	616	0.00643142411855	0.00012994637612
10/09/1995	617	0.00645289686222	0.000130815534552
11/09/1995	618	0.0064533594401	0.000130834290328
12/09/1995	619	0.0064538564578	0.000130854444005
13/09/1995	620	0.00646835518027	0.000131443038857
14/09/1995	621	0.00646892551718	0.000131466219439
15/09/1995	622	0.00646953596672	0.000131491032611
16/09/1995	623	0.00648410399623	0.000132083879448
17/09/1995	624	0.00648480380117	0.000132112391619
18/09/1995	625	0.00648555556386	0.000132143024134
19/09/1995	626	0.00649329924993	0.000132458767318
20/09/1995	627	0.00649416221505	0.000132493977429
21/09/1995	628	0.00649508514003	0.000132531639158
22/09/1995	629	0.00650299183234	0.000132854506275
23/09/1995	630	0.00650403966717	0.000132897323735
24/09/1995	631	0.00650515376597	0.000132942856492
25/09/1995	632	0.00651324134919	0.00013327362647
26/09/1995	633	0.00651449167631	0.000133324799646
27/09/1995	634	0.00651581367769	0.000133378916977
28/09/1995	635	0.00652409721491	0.000133718261094
29/09/1995	636	0.00652556528469	0.000133778447146
30/09/1995	637	0.00652710982791	0.000133841782976
01/10/1995	638	0.00653560245671	0.000134190301107
02/10/1995	639	0.00653730182902	0.000134260093885
03/10/1995	640	0.00653908200611	0.000134333224756
04/10/1995	641	0.00654779538895	0.000134691463622
05/10/1995	642	0.00654973829809	0.000134771408729
06/10/1995	643	0.00655176596073	0.000134854866491
07/10/1995	644	0.00656071055377	0.000135223330593
08/10/1995	645	0.00656290813291	0.000135313934724
09/10/1995	646	0.00656519408718	0.000135408214678
10/10/1995	647	0.00657437931738	0.000135787373515
11/10/1995	648	0.00657684174843	0.000135889110773
12/10/1995	649	0.00657939588775	0.000135994677284
13/10/1995	650	0.00658883027735	0.000136384970458
14/10/1995	651	0.00659156689703	0.00013649828687
15/10/1995	652	0.0065943982976	0.000136615577445
16/10/1995	653	0.00660408955598	0.000137017418423
17/10/1995	654	0.00660710893404	0.000137142735306
18/10/1995	655	0.0066102259262	0.000137272163674
19/10/1995	656	0.00662018102029	0.000137685942673
20/10/1995	657	0.00662349101931	0.00013782365923
21/10/1995	658	0.00662690124253	0.000137965617734
22/10/1995	659	0.00663712645243	0.000138391703989
23/10/1995	660	0.00664073427483	0.000138542199357
24/10/1995	661	0.00664444472142	0.000138697060859
25/10/1995	662	0.00665494568577	0.000139135804456
26/10/1995	663	0.00665885791174	0.000139299439362
27/10/1995	664	0.00666287496245	0.000139467558792
28/10/1995	665	0.00667365811272	0.000139919350729
29/10/1995	666	0.00667788717341	0.000140096739173
30/10/1995	667	0.0066822302803	0.000140279028258
31/10/1995	668	0.006686689703	0.000140466322678
01/11/1995	669	0.00669126741802	0.000140658715305
02/11/1995	670	0.00669596520958	0.000140856291413
03/11/1995	671	0.00670078471954	0.000141059130761
04/11/1995	672	0.00670572747656	0.000141267308814
05/11/1995	673	0.00671079491502	0.000141480897535
06/11/1995	674	0.00671598838805	0.000141699965933
07/11/1995	675	0.00672130917704	0.000141924580461
08/11/1995	676	0.00672675849881	0.000142154805318
09/11/1995	677	0.00673233751118	0.000142390702682
10/11/1995	678	0.00673804731738	0.000142632332899
11/11/1995	679	0.00674388896969	0.000142879754634
12/11/1995	680	0.0067498634724	0.000143133024997
13/11/1995	681	0.00675597178432	0.000143392199651
14/11/1995	682	0.00676221482092	0.000143657332898
15/11/1995	683	0.00676859345615	0.000143928477761
16/11/1995	684	0.00676859345615	0.000143928477761
17/11/1995	685	0.00676859345615	0.000143928477761
18/11/1995	686	0.00676859345615	0.000143928477761
19/11/1995	687	0.00676859345615	0.000143928477761
20/11/1995	688	0.00676859345615	0.000143928477761
21/11/1995	689	0.00676859345615	0.000143928477761
22/11/1995	690	0.00676859345615	0.000143928477761
23/11/1995	691	0.00676859345615	0.000143928477761
24/11/1995	692	0.00676859345615	0.000143928477761
25/11/1995	693	0.00676859345615	0.000143928477761
26/11/1995	694	0.00676859345615	0.000143928477761
27/11/1995	695	0.00676859345615	0.000143928477761
28/11/1995	696	0.00676859345615	0.000143928477761
29/11/1995	697	0.00676859345615	0.000143928477761
30/11/1995	698	0.00676859345615	0.000143928477761
01/12/1995	699	0.00676859345615	0.000143928477761
02/12/1995	700	0.00676859345615	0.000143928477761
03/12/1995	701	0.00676859345615	0.000143928477761
04/12/1995	702	0.00676859345615	0.000143928477761
05/12/1995	703	0.00676859345615	0.000143928477761
06/12/1995	704	0.00676859345615	0.000143928477761
07/12/1995	705	0.00676859345615	0.000143928477761
08/12/1995	706	0.00676859345615	0.000143928477761
09/12/1995	707	0.00676859345615	0.000143928477761
10/12/1995	708	0.00676859345615	0.000143928477761
11/12/1995	709	0.00676859345615	0.000143928477761
12/12/1995	710	0.00676859345615	0.000143928477761
13/12/1995	711	0.00676859345615	0.000143928477761
14/12/1995	712	0.00676859345615	0.000143928477761
15/12/1995	713	0.00676859345615	0.000143928477761
16/12/1995	714	0.00676859345615	0.000143928477761
17/12/1995	715	0.00676859345615	0.000143928477761
18/12/1995	716	0.00676859345615	0.000143928477761
19/12/1995	717	0.00676859345615	0.000143928477761
20/12/1995	718	0.00676859345615	0.000143928477761
21/12/1995	719	0.00676859345615	0.000143928477761
22/12/1995	720	0.00676859345615	0.000143928477761
23/12/1995	721	0.00676859345615	0.000143928477761
24/12/1995	722	0.00676859345615	0.000143928477761
25/12/1995	723	0.00676859345615	0.000143928477761
26/12/1995	724	0.00676859345615	0.000143928477761
27/12/1995	725	0.00676859345615	0.000143928477761
28/12/1995	726	0.00676859345615	0.000143928477761
29/12/1995	727	0.00676859345615	0.000143928477761
30/12/1995	728	0.00676859345615	0.000143928477761
31/12/1995	729	0.00676859345615	0.000143928477761
01/01/1996	730	0.00676859345615	0.000143928477761
02/01/1996	731	0.00676859345615	0.000143928477761
03/01/1996	732	0.00676859345615	0.000143928477761
04/01/1996	733	0.00676859345615	0.000143928477761
05/01/1996	734	0.00676859345615	0.000143928477761
06/01/1996	735	0.00676859345615	0.000143928477761
07/01/1996	736	0.00676859345615	0.000143928477761
08/01/1996	737	0.00676859345615	0.000143928477761
09/01/1996	738	0.00676859345615	0.000143928477761
10/01/1996	739	0.00676859345615	0.000143928477761
11/01/1996	740	0.00676859345615	0.000143928477761
12/01/1996	741	0.00676859345615	0.000143928477761
13/01/1996	742	0.00676859345615	0.000143928477761
14/01/1996	743	0.00676859345615	0.000143928477761
15/01/1996	744	0.00676859345615	0.000143928477761
16/01/1996	745	0.00676859345615	0.000143928477761
17/01/1996	746	0.00677436551114	0.00014417405827
18/01/1996	747	0.00678057103011	0.000144438314642
19/01/1996	748	0.0067868279166	0.000144705003422
20/01/1996	749	0.00679313614393	0.000144974129529
21/01/1996	750	0.00679949568301	0.000145245697825
22/01/1996	751	0.0068059065024	0.000145519713116
23/01/1996	752	0.00681236856829	0.000145796180152
24/01/1996	753	0.00681888184458	0.000146075103629
25/01/1996	754	0.00682544629285	0.000146356488185
26/01/1996	755	0.00683206187241	0.000146640338407
27/01/1996	756	0.0068387285403	0.000146926658825
28/01/1996	757	0.00684544625135	0.000147215453915
29/01/1996	758	0.00685221495816	0.0001475067281
30/01/1996	759	0.00685903461116	0.00014780048575
31/01/1996	760	0.0068659051586	0.000148096731183
01/02/1996	761	0.00687282654661	0.000148395468661
02/02/1996	762	0.00687979871917	0.000148696702398
03/02/1996	763	0.00688682161821	0.000149000436555
04/02/1996	764	0.00689389518355	0.000149306675239
05/02/1996	765	0.00690101935298	0.000149615422509
06/02/1996	766	0.00690819406227	0.000149926682373
07/02/1996	767	0.00691541924517	0.000150240458786
08/02/1996	768	0.00692269483348	0.000150556755657
09/02/1996	769	0.00693250716257	0.000150983860839
10/02/1996	770	0.00694580833858	0.000151563792299
11/02/1996	771	0.00695919077811	0.000152148388687
12/02/1996	772	0.00697265409991	0.0001527376538
13/02/1996	773	0.00698619792053	0.000153331591331
14/02/1996	774	0.00699982185447	0.000153930204876
15/02/1996	775	0.00701352551426	0.000154533497935
16/02/1996	776	0.00703273280243	0.000155381069886
17/02/1996	777	0.00705243096357	0.000156252710502
18/02/1996	778	0.00707222241092	0.000157130934352
19/02/1996	779	0.00709210638228	0.000158015742271
20/02/1996	780	0.00711208211817	0.000158907135
21/02/1996	781	0.00713214886193	0.000159805113182
22/02/1996	782	0.00714453570436	0.000160360681984
23/02/1996	783	0.0071570039199	0.000160920874069
24/02/1996	784	0.00716955318843	0.000161485694139
25/02/1996	785	0.00718218318697	0.000162055146793
26/02/1996	786	0.00719489358977	0.000162629236524
27/02/1996	787	0.00720768406837	0.00016320796772
28/02/1996	788	0.00722055429172	0.00016379134467
01/03/1996	789	0.00723350392629	0.000164379371558
02/03/1996	790	0.00724653263611	0.000164972052473
03/03/1996	791	0.00725964008287	0.000165569391403
04/03/1996	792	0.00727282592604	0.000166171392239
05/03/1996	793	0.00728608982293	0.000166778058779
06/03/1996	794	0.00729943142876	0.000167389394725
07/03/1996	795	0.00731285039678	0.000168005403686
08/03/1996	796	0.00732634637833	0.000168626089182
09/03/1996	797	0.00733991902293	0.000169251454641
10/03/1996	798	0.00735356797835	0.000169881503401
11/03/1996	799	0.00736729289072	0.000170516238714
12/03/1996	800	0.00738109340457	0.000171155663747
13/03/1996	801	0.00739496916292	0.000171799781578
14/03/1996	802	0.0074089198074	0.000172448595206
15/03/1996	803	0.00742294497824	0.000173102107543
16/03/1996	804	0.00743704431445	0.000173760321422
17/03/1996	805	0.00745121745379	0.000174423239596
18/03/1996	806	0.00746546403291	0.000175090864739
19/03/1996	807	0.00747978368743	0.000175763199445
20/03/1996	808	0.00749417605195	0.000176440246236
21/03/1996	809	0.00750864076017	0.000177122007555
22/03/1996	810	0.00752317744495	0.000177808485771
23/03/1996	811	0.00753778573835	0.000178499683181
24/03/1996	812	0.00755246527174	0.000179195602011
25/03/1996	813	0.00756721567584	0.000179896244415
26/03/1996	814	0.00758203658078	0.000180601612477
27/03/1996	815	0.00759692761617	0.000181311708214
28/03/1996	816	0.00761188841119	0.000182026533574
29/03/1996	817	0.0076269185946	0.00018274609044
30/03/1996	818	0.00764201779482	0.00018347038063
31/03/1996	819	0.00765718564003	0.000184199405896
01/04/1996	820	0.00767242175814	0.000184933167928
02/04/1996	821	0.00768772577696	0.000185671668355
03/04/1996	822	0.00770309732415	0.000186414908744
04/04/1996	823	0.00771853602734	0.000187162890602
05/04/1996	824	0.00773404151417	0.000187915615377
06/04/1996	825	0.00774961341232	0.00018867308446
07/04/1996	826	0.007766885884	0.00018951505735
08/04/1996	827	0.00778802629403	0.000190548129949
09/04/1996	828	0.00780924339716	0.000191587773686
10/04/1996	829	0.00783053656385	0.000192633988259
11/04/1996	830	0.00785190516799	0.000193686773308
12/04/1996	831	0.007873348587	0.000194746128421
13/04/1996	832	0.00789486620184	0.000195812053129
14/04/1996	833	0.00791645739703	0.000196884546912
15/04/1996	834	0.00793812156076	0.000197963609201
16/04/1996	835	0.00832819190612	0.000217897035045
17/04/1996	836	0.00832819190612	0.000217897035045
18/04/1996	837	0.00832819190612	0.000217897035045
19/04/1996	838	0.00871197617847	0.000238442260918
20/04/1996	839	0.00871197617847	0.000238442260918
21/04/1996	840	0.00871197617847	0.000238442260918
22/04/1996	841	0.00909730724416	0.000260001346759
23/04/1996	842	0.00909730724416	0.000260001346759
24/04/1996	843	0.00909730724416	0.000260001346759
25/04/1996	844	0.00947165486599	0.000281839332658
26/04/1996	845	0.00959319139281	0.00028911863908
27/04/1996	846	0.00959375726914	0.000289152748734
28/04/1996	847	0.00967553791124	0.00029410344427
29/04/1996	848	0.00979439364088	0.000301373444421
30/04/1996	849	0.00979617059984	0.000301482808378
01/05/1996	850	0.00987312035371	0.000306237756821
02/05/1996	851	0.00998996659934	0.000313529164464
03/05/1996	852	0.00999327463618	0.000313736840384
04/05/1996	853	0.010069668712	0.000318551928078
05/05/1996	854	0.0101849377264	0.000325886694045
06/05/1996	855	0.0101900358663	0.000326213025307
07/05/1996	856	0.0102592516782	0.000330659679658
08/05/1996	857	0.0103389292368	0.000335815701628
09/05/1996	858	0.0103468270078	0.000336328947909
10/05/1996	859	0.0104099514647	0.000340445252257
11/05/1996	860	0.0104903215397	0.000345722362965
12/05/1996	861	0.0105032490003	0.000346574970969
13/05/1996	862	0.0105641902957	0.000350608389648
14/05/1996	863	0.0106421398251	0.000355801515987
15/05/1996	864	0.0106575058467	0.000356829730408
16/05/1996	865	0.0107133531976	0.000360579239662
17/05/1996	866	0.0107925441317	0.000365929598455
18/05/1996	867	0.0108105170696	0.000367149386133
19/05/1996	868	0.0108617547796	0.000370637928674
20/05/1996	869	0.0109328481139	0.000375505672519
21/05/1996	870	0.0109536225966	0.000376934092202
22/05/1996	871	0.0110042954577	0.000380429649773
23/05/1996	872	0.0110683023888	0.000384868089516
24/05/1996	873	0.0110924593967	0.000386549902497
25/05/1996	874	0.0111456715689	0.000390267472402
26/05/1996	875	0.0112058643714	0.000394494176147
27/05/1996	876	0.011233183122	0.000396419993627
28/05/1996	877	0.0112860238916	0.000400158275977
29/05/1996	878	0.0113457960536	0.000404408074262
30/05/1996	879	0.0113763758572	0.000406590977104
31/05/1996	880	0.0114320364546	0.00041057932277
01/06/1996	881	0.0114941639303	0.000415054040701
02/06/1996	882	0.0115024495416	0.00041565264291
03/06/1996	883	0.0115346619258	0.000417983956883
04/06/1996	884	0.0115729544385	0.000420763791035
05/06/1996	885	0.0115828883223	0.000421486443587
06/06/1996	886	0.0116129359221	0.000423676067206
07/06/1996	887	0.0116490572106	0.000426315800372
08/06/1996	888	0.0116593706947	0.000427071011294
09/06/1996	889	0.0116841287935	0.000428886665446
10/06/1996	890	0.0117178423721	0.000431365269558
11/06/1996	891	0.0117285315052	0.000432152619947
12/06/1996	892	0.0117504943761	0.000433772635023
13/06/1996	893	0.0117783909162	0.000435834696298
14/06/1996	894	0.0117865494014	0.000436438680735
15/06/1996	895	0.0118035429565	0.000437698080934
16/06/1996	896	0.0118293253475	0.000439612290572
17/06/1996	897	0.0118383685167	0.000440284688663
18/06/1996	898	0.0118533893942	0.000441402690363
19/06/1996	899	0.0118771819936	0.000443176471209
20/06/1996	900	0.01188718508	0.000443923281239
21/06/1996	901	0.0119031504019	0.000445116522108
22/06/1996	902	0.0119278511935	0.000446965803671
23/06/1996	903	0.0119378592868	0.000447716173883
24/06/1996	904	0.0119537855756	0.000448911566339
25/06/1996	905	0.0119783861688	0.000450761165255
26/06/1996	906	0.011986158513	0.000451346320471
27/06/1996	907	0.0120026029378	0.000452585620288
28/06/1996	908	0.0120276742968	0.000454478340979
29/06/1996	909	0.0120364665022	0.000455143029314
30/06/1996	910	0.0120500225473	0.000456168814392
01/07/1996	911	0.0120749090577	0.000458054980638
02/07/1996	912	0.0120836001639	0.000458714602525
03/07/1996	913	0.0120981234537	0.000459817924149
04/07/1996	914	0.0121239233202	0.000461781185739
05/07/1996	915	0.0121336399746	0.000462521666536
06/07/1996	916	0.0121491692859	0.000463706346372
07/07/1996	917	0.0121725916935	0.000465496030653
08/07/1996	918	0.0121827528196	0.000466273504866
09/07/1996	919	0.0121986916736	0.000467494366362
10/07/1996	920	0.0122214445968	0.000469239927865
11/07/1996	921	0.0122309904725	0.000469973238127
12/07/1996	922	0.0122462550985	0.000471147050237
13/07/1996	923	0.0122672124016	0.000472761000013
14/07/1996	924	0.0122764139531	0.000473470495542
15/07/1996	925	0.012291289856	0.000474618643285
16/07/1996	926	0.0123091422546	0.000475998357639
17/07/1996	927	0.0123174876131	0.000476644011654
18/07/1996	928	0.0123314508886	0.000477725284757
19/07/1996	929	0.0123483502449	0.000479035557455
20/07/1996	930	0.0123575523277	0.000479749785225
21/07/1996	931	0.0123682659499	0.000480582002778
22/07/1996	932	0.0123818986104	0.000481642009412
23/07/1996	933	0.0123905058951	0.000482311869656
24/07/1996	934	0.0124007316376	0.000483108291077
25/07/1996	935	0.0124112117445	0.000483925205133
26/07/1996	936	0.0124193126217	0.000484557133445
27/07/1996	937	0.0124303151805	0.000485416074693
28/07/1996	938	0.0124408021653	0.000486235474405
29/07/1996	939	0.0124489142099	0.000486869782351
30/07/1996	940	0.0124599130786	0.000487730481095
31/07/1996	941	0.0124704579986	0.000488556370522
01/08/1996	942	0.0124786313606	0.000489196997623
02/08/1996	943	0.0124896759432	0.00049006333745
03/08/1996	944	0.0125009723145	0.000490950220497
04/08/1996	945	0.0125099140721	0.000491652810307
05/08/1996	946	0.0125217244266	0.000492581567274
06/08/1996	947	0.012533793202	0.000493531551641
07/08/1996	948	0.0125435241354	0.000494298181003
08/08/1996	949	0.0125561195872	0.00049529136835
09/08/1996	950	0.0125689798646	0.000496306466418
10/08/1996	951	0.0125795209497	0.000497139279026
11/08/1996	952	0.012592025438	0.000498128118273
12/08/1996	953	0.0126022101833	0.000498934241117
13/08/1996	954	0.0126126655512	0.000499762461713
14/08/1996	955	0.0126233943411	0.000500613055415
15/08/1996	956	0.0126343991308	0.00050148628216
16/08/1996	957	0.0126456823284	0.000502382390532
17/08/1996	958	0.0126572461997	0.000503301619944
18/08/1996	959	0.0126690928858	0.000504244202004
19/08/1996	960	0.0126812244146	0.000505210361451
20/08/1996	961	0.0126936427095	0.00050620031683
21/08/1996	962	0.0127054625337	0.000507143463659
22/08/1996	963	0.012717558425	0.000508109547688
23/08/1996	964	0.0127299320784	0.000509098767444
24/08/1996	965	0.0127425851082	0.000510111316952
25/08/1996	966	0.0127555190506	0.000511147385967
26/08/1996	967	0.0127687353664	0.000512207160171
27/08/1996	968	0.012782235443	0.000513290821341
28/08/1996	969	0.0127950753061	0.000514322549174
29/08/1996	970	0.0128081873851	0.000515377219531
30/08/1996	971	0.0128215729207	0.00051645499966
31/08/1996	972	0.0128352330911	0.000517556053562
01/09/1996	973	0.0128480906222	0.000518593483275
02/09/1996	974	0.0128612105996	0.000519653159599
03/09/1996	975	0.0128745940979	0.000520735234376
04/09/1996	976	0.0128872385453	0.000521758589767
05/09/1996	977	0.0129001342968	0.00052280331871
06/09/1996	978	0.0129132823275	0.00052386956142
07/09/1996	979	0.0129255436494	0.000524864875031
08/09/1996	980	0.0129357674993	0.00052569551892
09/09/1996	981	0.0129462019024	0.000526543946554
10/09/1996	982	0.0129568478391	0.000527410279145
11/09/1996	983	0.0129666425187	0.000528207968104
12/09/1996	984	0.0129766356152	0.000529022437566
13/09/1996	985	0.0129868280384	0.000529853799141
14/09/1996	986	0.0129972206656	0.000530702162772
15/09/1996	987	0.0130078143421	0.000531567636765
16/09/1996	988	0.0130186098815	0.000532450327819
17/09/1996	989	0.0130296080661	0.000533350341052
18/09/1996	990	0.0130396845664	0.000534175597338
19/09/1996	991	0.0130499502034	0.000535016999798
20/09/1996	992	0.0130604057103	0.000535874645186
21/09/1996	993	0.0130710517928	0.000536748628887
22/09/1996	994	0.0130793610076	0.00053743126366
23/09/1996	995	0.0130878309419	0.000538127548649
24/09/1996	996	0.013096462308	0.000538837568134
25/09/1996	997	0.0131052557973	0.000539561405308
26/09/1996	998	0.0131142120804	0.000540299142293
27/09/1996	999	0.013123331807	0.000541050860156
28/09/1996	1000	0.0131326156065	0.000541816638926
29/09/1996	1001	0.0131407350398	0.000542486818289
30/09/1996	1002	0.0131490038183	0.000543169750354
01/10/1996	1003	0.0131574225478	0.000543865508474
02/10/1996	1004	0.0131659918165	0.000544574165106
03/10/1996	1005	0.0131747121955	0.000545295791829
04/10/1996	1006	0.0131835842384	0.000546030459355
05/10/1996	1007	0.0131926084819	0.000546778237533
06/10/1996	1008	0.0132017854459	0.000547539195367
07/10/1996	1009	0.0132111156332	0.000548313401023
08/10/1996	1010	0.01322059953	0.000549100921837
09/10/1996	1011	0.0132302376061	0.000549901824325
10/10/1996	1012	0.0132400303144	0.000550716174193
11/10/1996	1013	0.0132499780919	0.000551544036348
12/10/1996	1014	0.0132600813589	0.000552385474901
13/10/1996	1015	0.0132703405199	0.000553240553177
14/10/1996	1016	0.0132807559631	0.000554109333727
15/10/1996	1017	0.013291328061	0.000554991878332
16/10/1996	1018	0.01330205717	0.000555888248009
17/10/1996	1019	0.0133129436311	0.000556798503025
18/10/1996	1020	0.0133239877695	0.000557722702895
19/10/1996	1021	0.0133336651606	0.00055853316008
20/10/1996	1022	0.0133434852496	0.000559356169365
21/10/1996	1023	0.0133534483719	0.000560191785305
22/10/1996	1024	0.0133635548498	0.00056104006182
23/10/1996	1025	0.0133738049923	0.0005619010522
24/10/1996	1026	0.0133841990957	0.000562774809107
25/10/1996	1027	0.0133947374433	0.000563661384587
26/10/1996	1028	0.0134054203054	0.000564560830072
27/10/1996	1029	0.013414660284	0.00056533937005
28/10/1996	1030	0.0134240295358	0.000566129350044
29/10/1996	1031	0.0134335283449	0.000566930816876
30/10/1996	1032	0.0134416504635	0.00056761657437
31/10/1996	1033	0.0134498867157	0.00056831239153
01/11/1996	1034	0.0134582373871	0.000569018310235
02/11/1996	1035	0.0134667027548	0.000569734371933
03/11/1996	1036	0.0134752830871	0.00057046061765
04/11/1996	1037	0.0134839786438	0.000571197087989
05/11/1996	1038	0.0134927896762	0.000571943823134
06/11/1996	1039	0.0135017164269	0.000572700862858
07/11/1996	1040	0.0135107591304	0.000573468246519
08/11/1996	1041	0.0135199180124	0.000574246013069
09/11/1996	1042	0.0135291932904	0.000575034201055
10/11/1996	1043	0.0135385851737	0.000575832848622
11/11/1996	1044	0.0135480938632	0.000576641993516
12/11/1996	1045	0.0135560991402	0.000577323645529
13/11/1996	1046	0.01356420552	0.000578014316785
14/11/1996	1047	0.0135724132119	0.000578714040595
15/11/1996	1048	0.0135807224189	0.000579422849945
16/11/1996	1049	0.0135818318528	0.000579517522026
17/11/1996	1050	0.0135818318528	0.000579517522026
18/11/1996	1051	0.0135818318528	0.000579517522026
19/11/1996	1052	0.0135818318528	0.000579517522026
20/11/1996	1053	0.0135818318528	0.000579517522026
21/11/1996	1054	0.0135818318528	0.000579517522026
22/11/1996	1055	0.0135818318528	0.000579517522026
23/11/1996	1056	0.0135818318528	0.000579517522026
24/11/1996	1057	0.0135818318528	0.000579517522026
25/11/1996	1058	0.0135818318528	0.000579517522026
26/11/1996	1059	0.0135818318528	0.000579517522026
27/11/1996	1060	0.0135818318528	0.000579517522026
28/11/1996	1061	0.0135818318528	0.000579517522026
29/11/1996	1062	0.0135818318528	0.000579517522026
30/11/1996	1063	0.0135818318528	0.000579517522026
01/12/1996	1064	0.0135818318528	0.000579517522026
02/12/1996	1065	0.0135818318528	0.000579517522026
03/12/1996	1066	0.0135818318528	0.000579517522026
04/12/1996	1067	0.0135818318528	0.000579517522026
05/12/1996	1068	0.0135818318528	0.000579517522026
06/12/1996	1069	0.0135818318528	0.000579517522026
07/12/1996	1070	0.0135818318528	0.000579517522026
08/12/1996	1071	0.0135818318528	0.000579517522026
09/12/1996	1072	0.0135818318528	0.000579517522026
10/12/1996	1073	0.0135818318528	0.000579517522026
11/12/1996	1074	0.0135818318528	0.000579517522026
12/12/1996	1075	0.0135818318528	0.000579517522026
13/12/1996	1076	0.0135818318528	0.000579517522026
14/12/1996	1077	0.0135818318528	0.000579517522026
15/12/1996	1078	0.0135818318528	0.000579517522026
16/12/1996	1079	0.0135818318528	0.000579517522026
17/12/1996	1080	0.0135818318528	0.000579517522026
18/12/1996	1081	0.0135818318528	0.000579517522026
19/12/1996	1082	0.0135818318528	0.000579517522026
20/12/1996	1083	0.0135818318528	0.000579517522026
21/12/1996	1084	0.0135818318528	0.000579517522026
22/12/1996	1085	0.0135818318528	0.000579517522026
23/12/1996	1086	0.0135818318528	0.000579517522026
24/12/1996	1087	0.0135818318528	0.000579517522026
25/12/1996	1088	0.0135818318528	0.000579517522026
26/12/1996	1089	0.0135818318528	0.000579517522026
27/12/1996	1090	0.0135818318528	0.000579517522026
28/12/1996	1091	0.0135818318528	0.000579517522026
29/12/1996	1092	0.0135818318528	0.000579517522026
30/12/1996	1093	0.0135818318528	0.000579517522026
31/12/1996	1094	0.0135818318528	0.000579517522026
01/01/1997	1095	0.0135818318528	0.000579517522026
02/01/1997	1096	0.0135818318528	0.000579517522026
03/01/1997	1097	0.0135818318528	0.000579517522026
04/01/1997	1098	0.0135818318528	0.000579517522026
05/01/1997	1099	0.0135818318528	0.000579517522026
06/01/1997	1100	0.0135818318528	0.000579517522026
07/01/1997	1101	0.0135818318528	0.000579517522026
08/01/1997	1102	0.0135818318528	0.000579517522026
09/01/1997	1103	0.0135822630452	0.000579554319351
10/01/1997	1104	0.0135844654023	0.000579742283469
11/01/1997	1105	0.013586688493	0.000579932048038
12/01/1997	1106	0.0135903831312	0.000580247493618
13/01/1997	1107	0.0135948685815	0.000580630573447
14/01/1997	1108	0.0135993945671	0.000581017243315
15/01/1997	1109	0.0136039611602	0.000581407512874
16/01/1997	1110	0.0136085684324	0.00058180139172
17/01/1997	1111	0.0136132164538	0.000582198889392
18/01/1997	1112	0.0136179052935	0.000582600015369
19/01/1997	1113	0.0136226350194	0.000583004779078
20/01/1997	1114	0.0136274056985	0.000583413189885
21/01/1997	1115	0.0136297900725	0.000583617366234
22/01/1997	1116	0.0136321955783	0.000583823388315
23/01/1997	1117	0.0136346222641	0.000584031261213
24/01/1997	1118	0.0136370701775	0.000584240989989
25/01/1997	1119	0.013639539366	0.00058445257968
26/01/1997	1120	0.0136420298766	0.000584666035303
27/01/1997	1121	0.0136445417556	0.000584881361849
28/01/1997	1122	0.0136470750495	0.00058509856429
29/01/1997	1123	0.0136496298038	0.000585317647572
30/01/1997	1124	0.013652206064	0.000585538616623
31/01/1997	1125	0.0136548038751	0.000585761476345
01/02/1997	1126	0.0136574232816	0.000585986231621
02/02/1997	1127	0.0136600643278	0.00058621288731
03/02/1997	1128	0.0136627270574	0.00058644144825
04/02/1997	1129	0.013665411514	0.000586671919258
05/02/1997	1130	0.0136681177404	0.00058690430513
06/02/1997	1131	0.0136708457795	0.000587138610637
07/02/1997	1132	0.0136735956733	0.000587374840534
08/02/1997	1133	0.0136735956733	0.000587374840534
09/02/1997	1134	0.0136735956733	0.000587374840534
10/02/1997	1135	0.0136735956733	0.000587374840534
11/02/1997	1136	0.0136735956733	0.000587374840534
12/02/1997	1137	0.0136735956733	0.000587374840534
13/02/1997	1138	0.0136735956733	0.000587374840534
14/02/1997	1139	0.0136735956733	0.000587374840534
15/02/1997	1140	0.0136735956733	0.000587374840534
16/02/1997	1141	0.0136735956733	0.000587374840534
17/02/1997	1142	0.0136735956733	0.000587374840534
18/02/1997	1143	0.0136735956733	0.000587374840534
19/02/1997	1144	0.0136735956733	0.000587374840534
20/02/1997	1145	0.0136735956733	0.000587374840534
21/02/1997	1146	0.0136735956733	0.000587374840534
22/02/1997	1147	0.0136735956733	0.000587374840534
23/02/1997	1148	0.0136735956733	0.000587374840534
24/02/1997	1149	0.0136735956733	0.000587374840534
25/02/1997	1150	0.0136735956733	0.000587374840534
26/02/1997	1151	0.0136735956733	0.000587374840534
27/02/1997	1152	0.0136735956733	0.000587374840534
28/02/1997	1153	0.0136735956733	0.000587374840534
01/03/1997	1154	0.0136735956733	0.000587374840534
02/03/1997	1155	0.0136735956733	0.000587374840534
03/03/1997	1156	0.0136735956733	0.000587374840534
04/03/1997	1157	0.0136735956733	0.000587374840534
05/03/1997	1158	0.0136735956733	0.000587374840534
06/03/1997	1159	0.0136735956733	0.000587374840534
07/03/1997	1160	0.0136735956733	0.000587374840534
08/03/1997	1161	0.0136735956733	0.000587374840534
09/03/1997	1162	0.0136735956733	0.000587374840534
10/03/1997	1163	0.0136735956733	0.000587374840534
11/03/1997	1164	0.0136735956733	0.000587374840534
12/03/1997	1165	0.0136735956733	0.000587374840534
13/03/1997	1166	0.0136735956733	0.000587374840534
14/03/1997	1167	0.0136735956733	0.000587374840534
15/03/1997	1168	0.0136735956733	0.000587374840534
16/03/1997	1169	0.0136735956733	0.000587374840534
17/03/1997	1170	0.0136735956733	0.000587374840534
18/03/1997	1171	0.0136735956733	0.000587374840534
19/03/1997	1172	0.0136735956733	0.000587374840534
20/03/1997	1173	0.0136735956733	0.000587374840534
21/03/1997	1174	0.0136735956733	0.000587374840534
22/03/1997	1175	0.0136735956733	0.000587374840534
23/03/1997	1176	0.0136735956733	0.000587374840534
24/03/1997	1177	0.0136735956733	0.000587374840534
25/03/1997	1178	0.0136735956733	0.000587374840534
26/03/1997	1179	0.0136735956733	0.000587374840534
27/03/1997	1180	0.0136735956733	0.000587374840534
28/03/1997	1181	0.0136735956733	0.000587374840534
29/03/1997	1182	0.0136735956733	0.000587374840534
30/03/1997	1183	0.0136735956733	0.000587374840534
31/03/1997	1184	0.0136735956733	0.000587374840534
01/04/1997	1185	0.0136735956733	0.000587374840534
02/04/1997	1186	0.0136735956733	0.000587374840534
03/04/1997	1187	0.0136735956733	0.000587374840534
04/04/1997	1188	0.0136735956733	0.000587374840534
05/04/1997	1189	0.0136735956733	0.000587374840534
06/04/1997	1190	0.0136735956733	0.000587374840534
07/04/1997	1191	0.0136735956733	0.000587374840534
08/04/1997	1192	0.0136735956733	0.000587374840534
09/04/1997	1193	0.0136735956733	0.000587374840534
10/04/1997	1194	0.0136735956733	0.000587374840534
11/04/1997	1195	0.0136735956733	0.000587374840534
12/04/1997	1196	0.0136735956733	0.000587374840534
13/04/1997	1197	0.0136735956733	0.000587374840534
14/04/1997	1198	0.0136735956733	0.000587374840534
15/04/1997	1199	0.0136735956733	0.000587374840534
16/04/1997	1200	0.0137260064578	0.000591886276418
17/04/1997	1201	0.0137260064578	0.000591886276418
18/04/1997	1202	0.0137260064578	0.000591886276418
19/04/1997	1203	0.01384441965	0.000602142640758
20/04/1997	1204	0.01384441965	0.000602142640758
21/04/1997	1205	0.01384441965	0.000602142640758
22/04/1997	1206	0.0141005874314	0.000624632078802
23/04/1997	1207	0.0141005874314	0.000624632078802
24/04/1997	1208	0.0141005874314	0.000624632078802
25/04/1997	1209	0.0144647241274	0.000657309914528
26/04/1997	1210	0.0146152184414	0.000671058673827
27/04/1997	1211	0.0146159547793	0.000671126293537
28/04/1997	1212	0.0146449977116	0.000673796093939
29/04/1997	1213	0.0147963369374	0.000687793864618
30/04/1997	1214	0.0147992194106	0.000688061868855
01/05/1997	1215	0.0148450612911	0.000692331134851
02/05/1997	1216	0.0149974877104	0.000706621589168
03/05/1997	1217	0.0150050540241	0.00070733475785
04/05/1997	1218	0.015056580469	0.000712200987969
05/05/1997	1219	0.0152101750329	0.000726805652519
06/05/1997	1220	0.015221630234	0.00072790081941
07/05/1997	1221	0.0152620455504	0.000731771284812
08/05/1997	1222	0.0153260021002	0.000737917201351
09/05/1997	1223	0.0153412249018	0.000739383825957
10/05/1997	1224	0.0153841944279	0.000743531534736
11/05/1997	1225	0.0154473794467	0.000749651651195
12/05/1997	1226	0.0154659935744	0.000751459403641
13/05/1997	1227	0.0155111473717	0.000755853660946
14/05/1997	1228	0.0155778624673	0.00076236965794
15/05/1997	1229	0.0156023317097	0.000764766554059
16/05/1997	1230	0.0156475928254	0.000769210042975
17/05/1997	1231	0.0157145005448	0.000775802254632
18/05/1997	1232	0.0157444860923	0.000778765765907
19/05/1997	1233	0.0157910956238	0.000783383463174
20/05/1997	1234	0.0158576090292	0.000789996714013
21/05/1997	1235	0.0158926795795	0.00079349487773
22/05/1997	1236	0.0159403881202	0.000798266043411
23/05/1997	1237	0.0160098387453	0.00080523712199
24/05/1997	1238	0.016050524818	0.000809335047748
25/05/1997	1239	0.0161028403395	0.000814619583792
26/05/1997	1240	0.0161695230135	0.000821380314694
27/05/1997	1241	0.01621484967	0.000825991781064
28/05/1997	1242	0.016270915647	0.000831713708821
29/05/1997	1243	0.0163410996129	0.000838904313531
30/05/1997	1244	0.0163924851333	0.000844188573809
31/05/1997	1245	0.0164540880553	0.000850545413393
01/06/1997	1246	0.0165220241842	0.000857583427325
02/06/1997	1247	0.0165366748751	0.000859105003625
03/06/1997	1248	0.0165587447583	0.000861399660749
04/06/1997	1249	0.0165899163424	0.000864645856735
05/06/1997	1250	0.0166062011898	0.000866344181966
06/06/1997	1251	0.0166282618948	0.00086864752131
07/06/1997	1252	0.016659506914	0.000871915019499
08/06/1997	1253	0.0166777068779	0.000873821137131
09/06/1997	1254	0.016696644282	0.000875806697751
10/06/1997	1255	0.0167281115971	0.000879110985088
11/06/1997	1256	0.0167470942642	0.000881107306022
12/06/1997	1257	0.0167544296971	0.000881879346701
13/06/1997	1258	0.0167754883996	0.000884097614496
14/06/1997	1259	0.0167876994827	0.000885385173861
15/06/1997	1260	0.0167957401486	0.000886233508233
16/06/1997	1261	0.0168174688135	0.000888528033748
17/06/1997	1262	0.016831034754	0.000889962087844
18/06/1997	1263	0.0168395911442	0.000890867177592
19/06/1997	1264	0.0168596524705	0.000892991056087
20/06/1997	1265	0.0168732516997	0.000894432234997
21/06/1997	1266	0.0168804186356	0.000895192218909
22/06/1997	1267	0.0168995201706	0.00089721932743
23/06/1997	1268	0.0169122032197	0.000898566554671
24/06/1997	1269	0.0169201592564	0.000899412181926
25/06/1997	1270	0.0169400245876	0.000901525354648
26/06/1997	1271	0.0169518526616	0.000902784742583
27/06/1997	1272	0.0169606491625	0.000903721915335
28/06/1997	1273	0.0169784676306	0.000905621771726
29/06/1997	1274	0.0169920462638	0.000907070904053
30/06/1997	1275	0.0170019873638	0.00090813256787
01/07/1997	1276	0.0170188573958	0.000909935630745
02/07/1997	1277	0.0170302146972	0.000911150502145
03/07/1997	1278	0.0170379997879	0.000911983728353
04/07/1997	1279	0.0170526732643	0.000913555243112
05/07/1997	1280	0.0170643622299	0.000914808087817
06/07/1997	1281	0.0170728326747	0.00091571650203
07/07/1997	1282	0.0170879934332	0.000917343545541
08/07/1997	1283	0.0170985541922	0.000918477773245
09/07/1997	1284	0.0171078072704	0.000919472131732
10/07/1997	1285	0.0171213114638	0.000920924290965
11/07/1997	1286	0.0171318581711	0.000922059216926
12/07/1997	1287	0.0171410936437	0.000923053615534
13/07/1997	1288	0.0171523560418	0.000924266981817
14/07/1997	1289	0.0171637546044	0.000925495829401
15/07/1997	1290	0.017173861189	0.000926586075211
16/07/1997	1291	0.0171839455901	0.000927674567644
17/07/1997	1292	0.0171956748363	0.00092894140556
18/07/1997	1293	0.0172062105802	0.000930080074101
19/07/1997	1294	0.0172170910119	0.000931256727416
20/07/1997	1295	0.0172299394805	0.000932647169907
21/07/1997	1296	0.0172388812426	0.000933615446441
22/07/1997	1297	0.017248124488	0.000934616897765
23/07/1997	1298	0.0172592879916	0.000935827113473
24/07/1997	1299	0.0172671436124	0.000936679196824
25/07/1997	1300	0.0172755880129	0.000937595576336
26/07/1997	1301	0.0172861699834	0.000938744555746
27/07/1997	1302	0.0172955214195	0.000939760510613
28/07/1997	1303	0.0173046884009	0.000940756959333
29/07/1997	1304	0.0173157489068	0.000941959936579
30/07/1997	1305	0.0173254893266	0.000943019973418
31/07/1997	1306	0.0173350850352	0.000944064844422
01/08/1997	1307	0.0173465688824	0.000945316074222
02/08/1997	1308	0.0173567354692	0.00094642447258
03/08/1997	1309	0.0173671918104	0.00094756513847
04/08/1997	1310	0.0173790244035	0.000948856766086
05/08/1997	1311	0.0173895417785	0.000950005564988
06/08/1997	1312	0.0174003463259	0.000951186455101
07/08/1997	1313	0.0174120894743	0.000952470762044
08/08/1997	1314	0.0174225112768	0.000953611283735
09/08/1997	1315	0.017433209899	0.00095478280938
10/08/1997	1316	0.0174436344785	0.000955925018436
11/08/1997	1317	0.0174537782128	0.000957037111082
12/08/1997	1318	0.0174641864167	0.000958178870455
13/08/1997	1319	0.0174748611202	0.000959350571326
14/08/1997	1320	0.0174852943781	0.000960496461968
15/08/1997	1321	0.0174959887146	0.000961671736847
16/08/1997	1322	0.0175069459535	0.000962876649213
17/08/1997	1323	0.0175169839013	0.00096398113385
18/08/1997	1324	0.0175272689914	0.000965113468447
19/08/1997	1325	0.0175378028866	0.000966273884164
20/08/1997	1326	0.0175485872013	0.000967462608389
21/08/1997	1327	0.0175590757235	0.000968619429204
22/08/1997	1328	0.017569808355	0.000969803889322
23/08/1997	1329	0.0175807865681	0.000971016200782
24/08/1997	1330	0.0175920117926	0.000972256572432
25/08/1997	1331	0.0176034854161	0.000973525210013
26/08/1997	1332	0.0176152087848	0.000974822316241
27/08/1997	1333	0.0176254235632	0.000975953211838
28/08/1997	1334	0.0176352760943	0.000977044623562
29/08/1997	1335	0.0176453441145	0.000978160536109
30/08/1997	1336	0.0176556288162	0.000979301122663
31/08/1997	1337	0.0176661313602	0.000980466554082
01/09/1997	1338	0.017676182449	0.000981582538066
02/09/1997	1339	0.0176864437478	0.000982722516709
03/09/1997	1340	0.0176962906316	0.000983817077985
04/09/1997	1341	0.0177057149334	0.000984865236395
05/09/1997	1342	0.017715333123	0.000985935534149
06/09/1997	1343	0.0177251461847	0.000987028116016
07/09/1997	1344	0.0177351550782	0.000988143124983
08/09/1997	1345	0.0177446497935	0.000989201435333
09/09/1997	1346	0.0177543321561	0.000990281244763
10/09/1997	1347	0.0177642030565	0.000991382686907
11/09/1997	1348	0.0177742633629	0.000992505893809
12/09/1997	1349	0.0177845139215	0.000993650995943
13/09/1997	1350	0.0177949555566	0.000994818122236
14/09/1997	1351	0.0178055890709	0.000996007400093
15/09/1997	1352	0.0178164152454	0.000997218955412
16/09/1997	1353	0.0178274348399	0.000998452912609
17/09/1997	1354	0.0178379431806	0.000999630331089
18/09/1997	1355	0.0178483806746	0.00100080049829
19/09/1997	1356	0.0178591198936	0.00100200520693
20/09/1997	1357	0.0178700450232	0.0010032315143
21/09/1997	1358	0.0178811567385	0.00100447953452
22/09/1997	1359	0.0178924556953	0.00100574938041
23/09/1997	1360	0.0179039425306	0.0010070411635
24/09/1997	1361	0.0179148722997	0.00100827106994
25/09/1997	1362	0.0179255548428	0.0010094738818
26/09/1997	1363	0.0179367337467	0.00101073334968
27/09/1997	1364	0.0179480926792	0.0010120139047
28/09/1997	1365	0.0179596322039	0.00101331564899
29/09/1997	1366	0.0179713528672	0.00101463868355
30/09/1997	1367	0.0179832551989	0.00101598310824
01/10/1997	1368	0.0179953397117	0.0010173490218
02/10/1997	1369	0.0180076069019	0.00101873652189
03/10/1997	1370	0.018020057249	0.00102014570503
04/10/1997	1371	0.0180326912162	0.00102157666668
05/10/1997	1372	0.0180446338609	0.00102293024913
06/10/1997	1373	0.0180567509992	0.00102430452461
07/10/1997	1374	0.0180690430648	0.00102569958222
08/10/1997	1375	0.0180815104764	0.00102711551007
09/10/1997	1376	0.0180931347041	0.00102843655705
10/10/1997	1377	0.0181050731154	0.00102979419347
11/10/1997	1378	0.0181171780594	0.00103117168232
12/10/1997	1379	0.0181285332525	0.00103246468976
13/10/1997	1380	0.0181391297184	0.00103367203226
14/10/1997	1381	0.0181498734424	0.00103489687338
15/10/1997	1382	0.0181607647949	0.00103613928518
16/10/1997	1383	0.0181709377963	0.00103730042555
17/10/1997	1384	0.0181812489631	0.00103847799961
18/10/1997	1385	0.0181916986406	0.00103967207364
19/10/1997	1386	0.0182013281271	0.00104077303273
20/10/1997	1387	0.0182110863194	0.00104188930136
21/10/1997	1388	0.0182209735433	0.00104302094053
22/10/1997	1389	0.0182300810518	0.00104406388108
23/10/1997	1390	0.0182383993645	0.00104501690277
24/10/1997	1391	0.0182468267121	0.00104598285983
25/10/1997	1392	0.0182553633899	0.00104696180346
26/10/1997	1393	0.0182640096871	0.00104795378444
27/10/1997	1394	0.0182727658865	0.0010489588531
28/10/1997	1395	0.0182816322644	0.00104997705933
29/10/1997	1396	0.0182906090912	0.00105100845261
30/10/1997	1397	0.018299696631	0.00105205308198
31/10/1997	1398	0.0183088951415	0.00105311099608
01/11/1997	1399	0.0183140650468	0.00105370581656
02/11/1997	1400	0.0183193021378	0.00105430853825
03/11/1997	1401	0.0183246066348	0.0010549191932
04/11/1997	1402	0.0183299787556	0.00105553781319
05/11/1997	1403	0.0183354187148	0.00105616442981
06/11/1997	1404	0.0183399303827	0.00105668425971
07/11/1997	1405	0.0183444989927	0.00105721078075
08/11/1997	1406	0.0183491247321	0.00105774401943
09/11/1997	1407	0.0183538077862	0.00105828400208
10/11/1997	1408	0.0183585483377	0.00105883075487
11/11/1997	1409	0.0183633465676	0.00105938430378
12/11/1997	1410	0.0183661413047	0.00105970678595
13/11/1997	1411	0.0183689708563	0.00106003333533
14/11/1997	1412	0.0183718353472	0.00106036396818
15/11/1997	1413	0.0183736054615	0.00106056830878
16/11/1997	1414	0.0183736054615	0.00106056830878
17/11/1997	1415	0.0183736054615	0.00106056830878
18/11/1997	1416	0.0183736054615	0.00106056830878
19/11/1997	1417	0.0183736054615	0.00106056830878
20/11/1997	1418	0.0183736054615	0.00106056830878
21/11/1997	1419	0.0183736054615	0.00106056830878
22/11/1997	1420	0.0183736054615	0.00106056830878
23/11/1997	1421	0.0183736054615	0.00106056830878
24/11/1997	1422	0.0183736054615	0.00106056830878
25/11/1997	1423	0.0183736054615	0.00106056830878
26/11/1997	1424	0.0183736054615	0.00106056830878
27/11/1997	1425	0.0183736054615	0.00106056830878
28/11/1997	1426	0.0183736054615	0.00106056830878
29/11/1997	1427	0.0183736054615	0.00106056830878
30/11/1997	1428	0.0183736054615	0.00106056830878
01/12/1997	1429	0.0183736054615	0.00106056830878
02/12/1997	1430	0.0183736054615	0.00106056830878
03/12/1997	1431	0.0183736054615	0.00106056830878
04/12/1997	1432	0.0183736054615	0.00106056830878
05/12/1997	1433	0.0183736054615	0.00106056830878
06/12/1997	1434	0.0183736054615	0.00106056830878
07/12/1997	1435	0.0183736054615	0.00106056830878
08/12/1997	1436	0.0183736054615	0.00106056830878
09/12/1997	1437	0.0183736054615	0.00106056830878
10/12/1997	1438	0.0183736054615	0.00106056830878
11/12/1997	1439	0.0183736054615	0.00106056830878
12/12/1997	1440	0.0183736054615	0.00106056830878
13/12/1997	1441	0.0183736054615	0.00106056830878
14/12/1997	1442	0.0183736054615	0.00106056830878
15/12/1997	1443	0.0183736054615	0.00106056830878
16/12/1997	1444	0.0183736054615	0.00106056830878
17/12/1997	1445	0.0183736054615	0.00106056830878
18/12/1997	1446	0.0183736054615	0.00106056830878
19/12/1997	1447	0.0183736054615	0.00106056830878
20/12/1997	1448	0.0183736054615	0.00106056830878
21/12/1997	1449	0.0183736054615	0.00106056830878
22/12/1997	1450	0.0183736054615	0.00106056830878
23/12/1997	1451	0.0183736054615	0.00106056830878
24/12/1997	1452	0.0183736054615	0.00106056830878
25/12/1997	1453	0.0183736054615	0.00106056830878
26/12/1997	1454	0.0183736054615	0.00106056830878
27/12/1997	1455	0.0183736054615	0.00106056830878
28/12/1997	1456	0.0183736054615	0.00106056830878
29/12/1997	1457	0.0183736054615	0.00106056830878
30/12/1997	1458	0.0183736054615	0.00106056830878
31/12/1997	1459	0.0183736054615	0.00106056830878
01/01/1998	1460	0.0183736054615	0.00106056830878
02/01/1998	1461	0.0183736054615	0.00106056830878
